EST,Max TemperatureF,Mean TemperatureF,Min TemperatureF,Max Dew PointF,MeanDew PointF,Min DewpointF,Max Humidity, Mean Humidity, Min Humidity, Max Sea Level PressureIn, Mean Sea Level PressureIn, Min Sea Level PressureIn, Max VisibilityMiles, Mean VisibilityMiles, Min VisibilityMiles, Max Wind SpeedMPH, Mean Wind SpeedMPH, Max Gust SpeedMPH,PrecipitationIn, CloudCover, Events, WindDirDegrees
1990-1-1,39,36,32,28,21,18,65,54,47,30.19,29.86,29.62,15,12,7,29,20,40,0.00,5,,307
1990-1-2,39,32,26,22,19,14,64,55,45,30.39,30.32,30.21,15,11,7,20,12,,0.00,0,,263
1990-1-3,48,36,25,24,21,15,78,53,36,30.36,30.30,30.27,10,9,7,9,6,,0.00,3,,265
1990-1-4,51,40,30,47,36,20,93,81,59,30.24,29.97,29.84,10,5,1,20,8,,0.00,7,Fog-Rain,232
1990-1-5,46,40,33,30,25,22,67,56,44,30.27,30.17,30.08,20,16,10,17,9,,0.00,4,,327
1990-1-6,43,38,32,30,24,17,76,60,44,30.17,30.03,29.93,10,8,4,23,7,,0.00,4,,326
1990-1-7,42,33,24,25,24,18,77,63,51,30.18,30.08,30.01,10,7,5,16,9,,0.00,5,,240
1990-1-8,37,34,30,30,28,24,89,79,65,30.00,29.85,29.74,10,4,1,14,8,,0.00,8,Fog-Rain-Snow,14
1990-1-9,45,38,30,34,31,25,85,72,58,30.01,29.91,29.76,15,7,3,15,7,,0.00,5,Fog,214
1990-1-10,45,42,39,35,32,28,86,70,63,29.79,29.66,29.59,15,10,2,23,14,,0.00,6,Fog-Rain,274
1990-1-11,44,40,35,29,28,24,65,61,54,29.83,29.61,29.40,20,14,10,17,12,,0.00,6,,236
1990-1-12,41,35,28,26,19,10,70,53,40,29.67,29.52,29.43,20,15,10,23,16,34,0.00,4,,290
1990-1-13,33,28,24,12,8,5,51,42,31,30.26,30.04,29.68,20,15,7,23,19,34,0.00,1,,312
1990-1-14,36,29,22,20,16,9,66,55,44,30.43,30.38,30.27,20,10,7,14,9,,0.00,4,,239
1990-1-15,39,36,32,32,30,20,92,78,62,30.36,30.25,30.19,10,6,4,10,7,,0.00,7,Fog-Snow,227
1990-1-16,57,45,33,42,37,28,85,70,56,30.34,30.30,30.25,6,5,4,14,7,,0.00,4,Fog,251
1990-1-17,61,48,36,44,41,32,86,67,54,30.32,30.22,30.05,10,5,2,12,7,,0.00,2,Fog,212
1990-1-18,64,58,46,50,44,30,72,61,47,30.08,29.96,29.90,15,9,6,17,12,29,0.00,6,,275
1990-1-19,44,37,30,29,16,12,56,45,37,30.43,30.38,30.12,15,15,15,17,11,23,0.00,5,,343
1990-1-20,35,31,27,35,28,13,100,85,51,30.40,30.12,29.91,15,3,0,12,3,,0.00,8,Fog-Rain-Snow,71
1990-1-21,37,34,32,33,31,28,89,84,79,29.90,29.76,29.69,10,6,0,15,9,,0.00,7,Fog-Rain,61
1990-1-22,46,40,33,33,31,29,85,70,56,29.92,29.85,29.79,10,7,0,17,8,,0.00,6,Fog,226
1990-1-23,46,39,32,32,26,19,79,55,36,30.14,30.09,29.91,15,11,10,14,9,,0.00,6,,253
1990-1-24,59,50,41,42,39,34,80,66,51,30.06,29.96,29.91,10,9,7,13,9,,0.00,7,,216
1990-1-25,57,52,46,55,48,39,93,88,74,30.04,29.85,29.65,10,4,0,15,8,23,0.00,7,Fog-Rain-Thunderstorm,164
1990-1-26,41,38,34,35,28,19,82,71,55,30.10,29.82,29.67,10,8,3,21,15,,0.00,7,Fog-Rain,309
1990-1-27,48,36,25,26,23,18,75,56,41,30.38,30.30,30.23,10,10,10,14,9,,0.00,2,,231
1990-1-28,53,42,30,36,22,10,79,45,27,30.34,30.26,30.20,15,13,7,17,11,,0.00,6,,337
1990-1-29,46,42,39,43,31,12,93,68,31,30.29,29.93,29.39,20,7,2,18,12,29,0.00,8,Fog-Rain,97
1990-1-30,46,42,37,42,28,26,90,60,46,30.11,29.93,29.39,20,12,5,29,16,46,0.00,5,Fog,327
1990-1-31,51,40,28,32,28,23,81,59,43,30.35,30.29,30.22,10,9,6,12,7,,0.00,2,Fog,309
1990-2-1,54,41,28,39,32,23,85,63,34,30.33,30.17,30.03,10,6,3,16,6,,0.00,6,Fog,224
1990-2-2,52,49,46,43,41,30,86,75,48,30.03,29.94,29.83,10,7,3,63,7,,0.00,8,Fog-Rain,66
1990-2-3,46,40,34,44,32,30,93,85,82,30.31,30.23,30.05,10,2,0,16,10,,0.00,8,Fog,61
1990-2-4,41,38,33,39,33,23,100,84,67,29.93,29.75,29.60,10,6,2,17,12,,0.00,8,Fog-Rain,44
1990-2-5,37,30,22,26,19,12,79,60,50,30.27,30.22,29.95,20,17,10,21,12,,0.00,2,,326
1990-2-6,55,42,30,30,26,21,72,49,32,30.20,30.14,30.07,20,13,9,21,12,,0.00,3,,261
1990-2-7,55,47,39,36,33,29,71,60,39,30.15,30.02,29.94,15,10,7,14,8,,0.00,4,,350
1990-2-8,55,44,32,43,34,27,93,64,45,30.28,30.19,30.11,10,9,4,17,7,,0.00,0,,232
1990-2-9,61,48,34,47,41,31,89,72,54,30.09,29.91,29.73,10,6,4,14,6,,0.00,5,Fog-Rain,228
1990-2-10,61,48,34,58,37,14,90,69,43,29.82,29.62,29.44,10,8,2,21,16,,0.00,6,Fog-Rain,309
1990-2-11,45,36,27,31,22,13,85,54,39,29.94,29.89,29.85,20,12,5,14,8,,0.00,4,Rain,277
1990-2-12,42,36,27,30,25,18,86,69,47,30.23,30.08,29.91,15,9,0,17,8,,0.00,4,Fog-Snow,347
1990-2-13,55,40,26,37,31,18,75,57,47,30.27,30.06,29.92,20,13,7,23,10,29,0.00,5,,222
1990-2-14,60,50,41,41,36,32,93,62,49,30.27,30.12,29.90,20,12,10,17,11,,0.00,7,Rain,8
1990-2-15,41,38,36,36,33,24,93,80,54,30.26,30.16,29.97,10,4,0,17,13,23,0.00,8,Fog-Rain,83
1990-2-16,60,48,37,55,42,35,93,87,80,29.96,29.80,29.68,10,2,0,17,6,,0.00,7,Fog-Rain,66
1990-2-17,61,44,25,54,18,4,78,44,37,30.59,30.26,29.72,15,11,10,25,19,32,0.00,2,,337
1990-2-18,41,28,16,29,14,4,82,50,22,30.69,30.53,30.29,20,16,10,16,9,,0.00,3,,222
1990-2-19,55,44,34,33,22,11,83,43,24,30.12,29.96,29.86,10,10,7,23,11,29,0.00,5,,292
1990-2-20,36,31,25,9,4,0,43,33,26,30.59,30.45,30.14,20,16,10,20,14,32,0.00,1,,342
1990-2-21,48,33,18,22,16,0,65,45,33,30.64,30.54,30.46,15,11,10,17,8,,0.00,0,,241
1990-2-22,62,46,33,58,43,24,90,79,58,30.46,30.07,29.69,10,6,4,24,11,,0.00,6,Fog-Rain,220
1990-2-23,63,57,48,58,51,41,90,76,65,29.66,29.56,29.46,10,9,7,21,16,,0.00,8,Rain,254
1990-2-24,39,36,32,29,24,20,85,65,50,29.78,29.66,29.47,20,10,2,17,13,25,0.00,8,Snow,329
1990-2-25,32,23,13,27,3,-6,82,47,33,30.69,30.31,29.78,20,15,0,37,23,52,0.00,4,Fog-Snow,332
1990-2-26,28,16,5,4,-1,-8,55,44,31,30.89,30.82,30.72,15,13,10,17,12,,0.00,0,,316
1990-2-27,36,27,18,25,19,5,79,64,44,30.67,30.44,30.33,15,9,2,21,11,,0.00,7,Fog-Snow,239
1990-2-28,39,33,26,25,14,8,76,47,33,30.40,30.36,30.32,20,12,6,23,12,29,0.00,4,,340
1990-3-1,41,31,21,19,11,6,57,41,31,30.50,30.39,30.26,15,11,10,14,11,,0.00,2,,292
1990-3-2,48,36,25,38,31,21,85,66,53,30.10,29.97,29.87,10,8,4,17,11,,0.00,6,Fog,229
1990-3-3,53,46,39,38,29,19,89,52,31,29.86,29.79,29.72,10,7,0,20,7,,0.00,7,Fog,327
1990-3-4,37,30,22,20,5,1,49,35,28,30.28,30.16,29.89,20,17,7,17,14,29,0.00,2,,342
1990-3-5,41,32,24,29,17,2,76,53,30,30.49,30.43,30.29,20,11,10,15,9,,0.00,6,,85
1990-3-6,33,28,23,29,22,5,89,74,46,30.69,30.48,30.39,10,6,2,15,11,,0.00,6,Fog-Rain-Snow,36
1990-3-7,32,20,9,5,2,-4,56,37,28,30.87,30.79,30.70,20,15,10,15,10,,0.00,0,,21
1990-3-8,45,31,17,12,10,6,74,41,24,30.73,30.57,30.42,15,11,10,9,5,,0.00,3,,298
1990-3-9,46,36,26,39,25,15,89,59,48,30.40,30.21,30.14,10,7,5,9,5,,0.00,7,,247
1990-3-10,53,46,39,46,39,33,90,75,64,30.32,30.27,30.18,5,4,3,7,3,,0.00,8,Fog,267
1990-3-11,64,53,42,51,46,35,85,73,61,30.26,30.19,30.14,10,4,2,12,7,,0.00,6,Fog-Rain,243
1990-3-12,80,66,51,57,50,41,86,63,40,30.18,30.09,30.03,10,7,2,16,5,,0.00,5,Fog,335
1990-3-13,81,64,46,59,53,40,79,57,44,30.08,30.04,29.98,10,9,5,23,10,,0.00,4,,279
1990-3-14,75,60,44,54,48,41,89,64,45,30.16,30.10,30.05,10,7,0,16,11,,0.00,6,Fog,82
1990-3-15,78,62,46,59,52,42,90,63,40,30.17,30.12,30.06,20,9,0,17,7,,0.00,5,Fog,209
1990-3-16,77,69,61,62,60,56,83,69,58,30.11,30.02,29.96,15,11,6,25,12,25,0.00,6,Fog,217
1990-3-17,73,66,55,64,59,48,87,77,64,29.95,29.70,29.62,20,8,1,23,16,34,0.00,8,Fog-Rain,235
1990-3-18,57,51,45,45,31,23,83,47,28,30.18,29.93,29.78,20,16,4,21,11,29,0.00,4,Fog,291
1990-3-19,55,46,37,41,32,23,80,54,33,30.27,30.18,30.04,15,13,10,21,11,29,0.00,6,,133
1990-3-20,46,41,35,42,34,26,83,76,65,30.03,29.91,29.86,15,10,3,21,14,29,0.00,8,Fog-Rain-Snow,334
1990-3-21,51,44,37,27,24,22,58,45,38,30.29,30.14,30.05,20,17,10,21,16,34,0.00,1,,317
1990-3-22,64,49,34,32,30,25,70,43,29,30.36,30.23,30.09,20,12,7,21,12,25,0.00,3,,190
1990-3-23,64,54,42,42,35,27,59,47,31,30.24,30.06,29.99,20,12,7,23,15,34,0.00,4,,293
1990-3-24,33,30,28,32,22,16,96,71,54,30.50,30.43,30.36,15,8,1,12,7,,0.00,8,Snow,307
1990-3-25,45,38,32,29,26,22,73,60,46,30.38,30.29,30.21,10,9,7,14,7,,0.00,6,,266
1990-3-26,51,42,32,28,22,13,76,46,32,30.32,30.22,30.14,10,9,5,17,12,25,0.00,3,Fog,309
1990-3-27,42,32,23,13,10,6,53,37,28,30.45,30.41,30.33,10,10,7,14,10,,0.00,1,,358
1990-3-28,51,38,24,32,20,6,75,42,30,30.50,30.40,30.28,15,12,7,23,9,,0.00,3,,253
1990-3-29,48,42,35,33,24,13,79,50,33,30.57,30.53,30.43,20,12,7,17,11,,0.00,7,Rain,114
1990-3-30,41,39,37,41,33,24,100,82,55,30.47,30.26,30.13,7,3,1,32,17,46,0.00,8,Fog-Rain,71
1990-3-31,44,40,36,39,36,33,89,82,76,30.14,30.06,30.00,7,4,2,9,5,,0.00,8,Fog-Rain,64
1990-4-1,45,43,41,39,38,36,86,81,73,30.04,30.00,29.94,7,4,1,9,7,,0.00,8,Fog,152
1990-4-2,55,49,43,45,42,34,89,77,69,29.93,29.88,29.82,8,4,0,21,8,,0.00,8,Fog-Rain,151
1990-4-3,46,44,42,42,38,36,86,80,76,29.81,29.58,29.46,15,8,3,17,12,,0.00,8,Fog-Rain-Thunderstorm,17
1990-4-4,44,40,37,35,32,30,82,71,58,29.46,29.36,29.31,20,9,4,23,16,25,0.00,8,Fog-Rain,277
1990-4-5,57,48,39,36,30,26,76,48,36,29.95,29.71,29.47,15,13,8,21,12,23,0.00,3,,260
1990-4-6,50,46,39,41,29,21,86,54,36,29.99,29.95,29.80,20,11,5,17,12,,0.00,8,Fog-Rain,307
1990-4-7,42,38,33,34,29,24,85,73,55,30.09,29.99,29.92,15,7,1,14,9,,0.00,6,Fog-Rain-Snow,312
1990-4-8,48,39,30,24,19,9,79,44,32,30.37,30.26,30.11,15,12,10,17,11,25,0.00,3,,310
1990-4-9,61,44,26,31,26,18,72,43,31,30.50,30.40,30.31,15,11,7,21,9,,0.00,2,,243
1990-4-10,66,57,48,53,47,30,84,66,50,30.31,29.99,29.70,15,9,2,23,15,32,0.00,7,Fog-Rain,220
1990-4-11,63,51,39,52,37,26,83,62,56,29.93,29.72,29.56,20,13,5,23,17,,0.00,5,Fog-Rain,317
1990-4-12,48,40,31,26,22,17,76,51,35,30.30,30.11,29.93,20,16,10,23,11,,0.00,4,,314
1990-4-13,50,40,29,26,21,17,64,44,33,30.50,30.43,30.32,20,17,7,16,9,,0.00,2,,276
1990-4-14,57,44,32,38,33,26,79,55,40,30.46,30.30,30.15,15,10,5,18,11,25,0.00,5,Fog-Rain,160
1990-4-15,61,54,46,49,47,38,86,72,60,30.12,29.94,29.88,10,7,1,12,7,,0.00,6,Fog-Rain,214
1990-4-16,63,54,45,48,37,32,83,51,35,30.03,29.99,29.90,10,9,6,12,8,,0.00,1,,288
1990-4-17,62,52,42,49,40,21,77,65,43,30.07,29.87,29.76,10,8,3,20,12,25,0.00,6,Fog-Rain,278
1990-4-18,52,44,37,24,20,16,51,36,25,30.51,30.38,30.10,15,12,10,21,15,23,0.00,1,,343
1990-4-19,61,46,31,30,27,22,72,42,31,30.67,30.61,30.55,15,14,10,15,6,,0.00,2,,243
1990-4-20,66,54,43,47,42,28,68,57,47,30.59,30.38,30.23,15,11,7,21,12,,0.00,6,,226
1990-4-21,63,58,54,55,50,44,87,75,62,30.20,30.01,29.95,15,7,2,15,8,,0.00,8,Fog-Rain,288
1990-4-22,69,58,46,44,40,38,71,48,33,30.13,30.06,29.99,10,10,7,14,10,,0.00,1,,332
1990-4-23,78,64,50,45,39,34,61,37,22,30.05,30.01,29.97,20,15,7,17,9,,0.00,2,,347
1990-4-24,66,57,48,45,42,35,74,54,39,30.18,30.15,30.05,20,10,5,14,12,,0.00,6,,118
1990-4-25,71,58,46,55,47,39,80,71,57,30.20,30.06,29.91,10,6,5,12,6,,0.00,6,Fog-Rain,174
1990-4-26,90,71,52,62,56,47,83,57,34,29.97,29.92,29.86,10,8,5,15,8,,0.00,2,Fog,141
1990-4-27,89,71,53,59,55,48,83,53,35,30.02,29.96,29.90,10,7,4,17,5,,0.00,1,Fog,258
1990-4-28,90,75,60,62,56,32,78,46,17,29.95,29.86,28.88,10,8,5,20,7,,0.00,4,,209
1990-4-29,71,62,52,52,47,46,86,79,51,30.12,30.09,29.97,9,4,1,21,16,,0.00,8,Fog-Rain-Thunderstorm,99
1990-4-30,64,58,52,54,50,32,86,78,43,30.08,30.00,29.95,10,5,1,17,11,,0.00,7,Fog-Rain,84
1990-5-1,75,64,52,56,53,47,83,67,50,29.97,29.89,29.83,10,6,3,14,9,,0.00,7,Fog,291
1990-5-2,63,59,54,38,32,26,47,37,29,30.26,30.15,30.00,15,11,10,21,13,,0.00,6,,339
1990-5-3,61,56,50,38,33,28,55,42,35,30.42,30.37,30.26,15,11,9,12,7,,0.00,7,,310
1990-5-4,55,52,48,47,43,39,86,75,57,30.32,30.17,29.92,10,5,3,12,5,,0.00,8,Fog-Rain,150
1990-5-5,69,58,46,55,48,40,90,71,49,29.86,29.59,29.49,10,6,0,14,4,,0.00,7,Fog-Rain-Thunderstorm,312
1990-5-6,64,56,48,43,37,33,74,49,35,29.86,29.77,29.60,15,10,9,12,8,,0.00,5,,329
1990-5-7,68,56,45,43,40,35,76,47,35,29.95,29.90,29.85,15,13,5,17,6,,0.00,4,Fog,284
1990-5-8,78,66,53,53,49,41,66,46,39,30.04,30.00,29.89,15,9,1,15,8,,0.00,2,,260
1990-5-9,79,66,52,57,52,46,86,58,40,30.06,29.99,29.91,10,7,4,14,7,,0.00,7,Fog,228
1990-5-10,69,62,55,60,56,51,87,82,57,29.90,29.64,29.41,10,5,0,32,14,29,0.00,8,Fog-Rain-Thunderstorm,225
1990-5-11,63,54,46,50,36,33,86,50,37,30.17,29.87,29.58,15,12,4,21,13,29,0.00,4,Fog,280
1990-5-12,61,50,39,38,34,31,77,47,34,30.36,30.28,30.19,20,13,10,14,8,,0.00,6,,184
1990-5-13,68,60,51,61,57,41,90,80,65,30.17,29.92,29.81,20,8,2,18,11,,0.00,8,Fog-Rain,205
1990-5-14,73,64,55,56,49,45,83,57,38,30.17,30.09,29.84,20,19,7,17,10,,0.00,3,,7
1990-5-15,73,60,46,63,48,42,87,59,32,30.22,30.14,30.08,15,11,5,17,10,,0.00,6,Fog,179
1990-5-16,68,62,57,63,58,52,90,83,78,30.13,29.95,29.79,10,4,1,12,4,,0.00,7,Fog-Rain-Thunderstorm,145
1990-5-17,80,72,64,68,61,48,90,71,54,29.82,29.69,29.57,10,6,0,21,5,,0.00,6,Fog,249
1990-5-18,64,58,51,46,43,41,69,53,43,29.88,29.80,29.75,15,11,6,17,11,25,0.00,4,,287
1990-5-19,73,62,51,43,41,39,71,44,30,29.96,29.91,29.88,20,15,10,21,12,29,0.00,3,,289
1990-5-20,66,59,52,49,47,42,83,67,50,29.98,29.92,29.87,15,11,5,17,11,23,0.00,6,Fog-Rain,107
1990-5-21,51,50,48,46,42,32,83,77,50,30.01,29.90,29.80,7,6,1,17,14,,0.00,8,Fog-Rain,60
1990-5-22,63,54,46,44,41,39,86,61,46,30.02,29.97,29.91,20,13,7,14,7,,0.00,7,,20
1990-5-23,64,55,46,43,42,40,77,54,45,29.97,29.94,29.90,20,13,6,14,9,20,0.00,6,,339
1990-5-24,64,58,52,48,45,42,83,59,43,30.09,30.03,29.96,20,12,6,12,7,,0.00,6,,353
1990-5-25,73,60,48,49,46,41,86,52,36,30.16,30.11,30.07,10,9,5,9,7,,0.00,4,,290
1990-5-26,59,57,55,54,52,49,87,83,80,30.07,29.93,29.86,10,5,0,17,11,,0.00,8,Fog-Rain,106
1990-5-27,73,64,54,51,49,47,86,63,41,29.90,29.86,29.81,20,11,2,14,10,,0.00,5,Fog,93
1990-5-28,75,64,52,56,50,38,87,60,42,29.95,29.92,29.89,15,6,0,15,5,,0.00,6,Fog,146
1990-5-29,60,57,53,56,52,45,87,83,64,29.90,29.61,29.45,10,4,3,23,14,33,0.00,8,Fog-Rain,68
1990-5-30,68,60,52,49,40,31,86,52,32,30.01,29.80,29.53,15,13,5,23,16,34,0.00,3,Fog-Rain,339
1990-5-31,71,58,46,44,41,32,64,46,36,30.17,30.13,30.04,20,16,10,14,10,,0.00,1,,299
1990-6-1,79,64,48,55,50,42,77,51,35,30.27,30.21,30.17,20,13,10,14,8,,0.00,2,,239
1990-6-2,82,71,60,65,60,52,78,64,52,30.21,30.13,30.06,10,6,4,21,11,29,0.00,6,,231
1990-6-3,80,74,66,67,64,54,84,70,53,30.07,29.83,29.69,10,8,5,21,16,29,0.00,8,Rain-Thunderstorm,231
1990-6-4,73,66,57,64,52,42,87,62,50,29.90,29.76,29.67,10,9,3,23,13,34,0.00,6,Fog,293
1990-6-5,68,57,46,43,40,37,79,50,37,30.07,30.02,29.92,20,12,7,17,10,,0.00,3,,299
1990-6-6,77,64,50,60,54,41,83,59,48,30.13,29.98,29.91,10,8,6,22,12,29,0.00,4,,227
1990-6-7,81,72,64,65,59,53,87,65,43,30.05,29.95,29.90,10,8,4,14,8,,0.00,6,Fog-Rain,305
1990-6-8,77,66,54,61,54,47,84,58,45,30.15,30.06,29.95,15,8,2,17,8,,0.00,6,Fog-Rain-Thunderstorm,182
1990-6-9,80,73,66,68,66,62,87,73,60,29.94,29.87,29.80,10,7,2,12,6,,0.00,7,Fog,265
1990-6-10,79,72,64,64,58,53,97,62,45,29.85,29.81,29.78,15,12,3,17,10,,0.00,5,Fog,327
1990-6-11,70,64,59,55,51,44,75,64,57,30.07,29.91,29.83,20,14,10,26,14,29,0.00,6,,348
1990-6-12,78,68,59,51,48,46,69,46,32,30.17,30.13,30.08,20,16,10,17,12,25,0.00,4,,12
1990-6-13,77,66,54,59,52,47,80,55,43,30.23,30.16,30.08,15,10,10,12,6,,0.00,5,,257
1990-6-14,73,68,62,60,55,51,84,68,58,30.08,29.99,29.94,10,7,3,12,8,,0.00,8,Fog-Rain,167
1990-6-15,77,68,60,61,57,53,86,70,45,30.04,30.00,29.96,20,10,3,10,7,,0.00,6,Fog-Rain,54
1990-6-16,80,70,60,63,60,56,87,68,50,30.14,30.10,30.08,20,11,0,12,6,,0.00,4,Fog,96
1990-6-17,82,72,63,63,59,32,87,58,28,30.17,30.10,30.05,10,10,10,12,6,,0.00,3,,215
1990-6-18,84,74,63,69,63,58,87,78,58,30.05,29.86,29.75,10,6,1,17,11,,0.00,6,Fog-Rain-Thunderstorm,196
1990-6-19,81,72,64,67,63,60,87,75,60,29.77,29.72,29.66,10,6,3,12,6,,0.00,6,Fog-Rain-Thunderstorm,255
1990-6-20,75,68,62,61,58,54,76,65,56,29.98,29.85,29.77,15,10,6,14,11,,0.00,5,,336
1990-6-21,79,72,64,66,62,58,84,73,62,29.89,29.86,29.85,10,5,3,12,5,,0.00,6,Fog-Rain,292
1990-6-22,86,76,66,66,61,56,84,57,38,29.94,29.85,29.75,10,7,4,17,10,,0.00,5,Fog-Rain-Thunderstorm,224
1990-6-23,82,76,69,68,62,56,90,65,42,29.75,29.66,29.62,15,8,1,16,9,,0.00,6,Fog-Rain,228
1990-6-24,75,72,66,59,56,55,70,57,50,29.88,29.77,29.66,10,10,10,16,9,,0.00,4,,278
1990-6-25,73,65,57,56,55,53,84,63,55,30.12,30.04,29.89,20,13,4,14,8,,0.00,5,,284
1990-6-26,81,70,59,62,58,52,86,59,45,30.16,30.10,30.03,10,9,7,12,6,,0.00,4,,263
1990-6-27,86,75,64,66,63,57,78,64,51,30.07,30.00,29.95,10,7,6,12,8,,0.00,5,,228
1990-6-28,86,75,64,64,63,60,84,60,48,30.09,30.05,29.99,10,7,4,12,7,,0.00,4,Fog,279
1990-6-29,90,81,72,68,66,62,81,58,40,30.04,29.92,29.79,7,5,4,17,9,,0.00,6,,251
1990-6-30,87,78,70,67,65,55,84,64,42,29.85,29.82,29.77,10,8,3,17,10,,0.00,6,Fog,298
1990-7-1,80,72,64,66,63,58,84,72,56,29.80,29.75,29.70,10,9,5,12,6,,0.00,6,Fog,18
1990-7-2,77,70,63,61,57,55,84,64,47,30.00,29.90,29.81,15,11,7,20,12,25,0.00,5,,32
1990-7-3,84,74,63,64,59,55,84,58,41,30.06,30.01,29.95,15,9,4,16,10,,0.00,4,Fog,268
1990-7-4,91,80,69,70,65,58,75,57,45,29.97,29.85,29.75,10,10,7,21,13,25,0.00,4,,246
1990-7-5,93,82,70,75,70,63,87,71,54,29.87,29.80,29.75,10,4,1,40,11,58,0.00,6,Fog-Rain-Thunderstorm,288
1990-7-6,79,72,64,68,61,56,84,64,54,30.07,29.95,29.87,15,11,7,17,7,,0.00,5,,62
1990-7-7,,,,,,,,,,30.24,30.19,30.08,15,12,10,16,9,,0.00,4,,59
1990-7-8,75,73,73,60,58,56,64,57,50,30.29,30.22,30.13,10,9,7,18,9,,0.00,7,,179
1990-7-9,93,83,73,76,71,68,87,72,57,30.02,29.94,29.88,5,4,0,23,14,,0.00,6,Fog-Rain-Thunderstorm,253
1990-7-10,84,78,71,68,63,32,84,62,15,30.00,29.97,29.93,10,8,5,14,7,,0.00,6,Fog,300
1990-7-11,71,68,64,64,56,55,78,69,61,30.12,30.07,30.03,15,10,7,16,9,,0.00,7,Rain,37
1990-7-12,64,62,60,61,56,32,87,81,35,30.08,30.00,29.98,10,5,2,17,9,,0.00,8,Fog-Rain-Thunderstorm,62
1990-7-13,64,60,57,57,55,53,87,78,70,30.21,30.17,30.04,7,7,3,17,11,21,0.00,8,Fog-Rain,74
1990-7-14,71,67,63,66,62,50,93,82,63,30.18,30.11,30.05,10,6,0,12,8,,0.00,8,Fog-Rain,103
1990-7-15,86,78,70,74,71,66,90,78,61,30.05,29.91,28.84,15,8,0,18,9,,0.00,6,Fog-Rain-Thunderstorm,200
1990-7-16,82,76,70,70,63,60,84,64,52,30.25,30.18,30.02,7,6,4,17,12,,0.00,5,,269
1990-7-17,86,76,66,66,64,60,84,63,44,30.30,30.27,30.22,10,6,3,12,6,,0.00,5,Fog,267
1990-7-18,88,78,68,69,67,61,87,64,49,30.34,30.19,30.12,10,5,2,12,7,,0.00,2,Fog,265
1990-7-19,88,80,71,70,67,64,87,63,46,30.16,30.11,30.06,10,6,3,12,5,,0.00,4,Fog,303
1990-7-20,89,79,69,71,68,64,90,65,51,30.08,29.97,29.88,6,4,0,17,7,29,0.00,4,Fog-Rain-Thunderstorm,259
1990-7-21,84,76,69,71,68,64,84,73,59,29.95,29.92,29.87,7,5,1,14,8,,0.00,6,Fog-Rain-Thunderstorm,317
1990-7-22,84,77,70,71,70,67,90,75,65,29.94,29.90,29.86,6,4,0,12,5,,0.00,6,Fog-Rain,117
1990-7-23,89,80,72,74,71,64,91,78,61,29.92,29.84,29.78,10,6,4,14,9,,0.00,6,Fog-Rain-Thunderstorm,221
1990-7-24,82,75,68,69,63,59,79,66,56,30.05,30.01,29.98,15,13,10,12,7,,0.00,6,,8
1990-7-25,84,75,66,65,63,59,84,62,43,30.15,30.10,30.05,15,11,5,14,8,,0.00,2,Fog,359
1990-7-26,84,74,64,67,62,32,81,61,27,30.23,30.20,30.15,10,9,6,17,9,,0.00,4,,56
1990-7-27,81,75,69,68,66,64,84,72,62,30.23,30.21,30.19,10,7,3,17,9,,0.00,6,Fog,74
1990-7-28,80,74,69,68,66,64,87,73,64,30.20,30.15,30.11,10,8,5,17,9,,0.00,7,Fog,75
1990-7-29,81,76,70,68,66,64,84,72,62,30.11,30.06,30.01,10,9,7,14,9,,0.00,5,,99
1990-7-30,80,74,68,65,63,60,84,67,56,30.03,29.93,29.86,7,6,4,12,7,,0.00,5,Fog,89
1990-7-31,82,74,66,71,65,58,87,76,65,29.89,29.83,29.78,7,5,2,17,6,23,0.00,6,Fog-Rain-Thunderstorm,289
1990-8-1,80,70,61,56,54,50,73,52,40,30.06,29.99,29.90,15,15,7,20,13,25,0.00,1,,350
1990-8-2,82,70,59,57,54,50,72,50,38,30.14,30.09,30.06,15,12,10,12,8,,0.00,2,,342
1990-8-3,86,74,61,62,61,56,83,56,44,30.11,30.07,30.03,15,12,10,14,5,,0.00,2,,338
1990-8-4,88,77,66,64,62,61,84,56,40,30.07,30.04,29.94,10,10,7,16,5,,0.00,6,,221
1990-8-5,79,74,69,66,64,60,87,71,56,30.16,30.06,30.02,10,8,3,14,9,,0.00,7,Fog-Rain,163
1990-8-6,82,74,66,70,69,62,87,78,67,30.03,29.96,29.93,10,6,2,12,10,,0.00,8,Fog-Rain-Thunderstorm,212
1990-8-7,80,75,69,69,65,63,91,72,60,30.08,30.02,29.92,10,6,3,16,8,,0.00,6,Fog-Rain-Thunderstorm,334
1990-8-8,82,74,66,64,62,57,84,64,42,30.18,30.15,30.09,10,9,5,12,7,,0.00,4,Fog,2
1990-8-9,81,74,66,65,63,61,87,73,52,30.19,30.16,30.13,10,6,3,14,7,,0.00,7,Fog-Rain,57
1990-8-10,73,71,69,68,67,64,90,86,82,30.12,30.07,30.04,7,5,2,12,6,,0.00,8,Fog-Rain,95
1990-8-11,82,76,71,69,68,68,90,77,63,30.06,30.02,29.99,20,11,7,12,4,,0.00,6,Rain,265
1990-8-12,84,76,69,68,66,64,84,66,53,30.13,30.11,30.06,7,4,3,6,3,,0.00,3,Fog,262
1990-8-13,88,78,68,70,68,63,87,68,53,30.10,30.01,29.92,6,4,1,20,9,,0.00,4,Fog-Rain,204
1990-8-14,80,73,66,65,61,60,87,67,52,30.08,30.06,30.01,15,11,2,17,8,,0.00,5,Fog-Rain,325
1990-8-15,82,73,64,63,61,58,80,62,49,30.13,30.09,30.05,10,6,4,9,6,,0.00,3,,321
1990-8-16,82,73,64,67,64,59,84,68,56,30.11,30.08,30.06,20,6,2,12,4,,0.00,5,Fog,276
1990-8-17,86,75,64,68,65,60,84,63,51,30.14,30.10,30.08,6,5,3,12,4,,0.00,2,Fog,235
1990-8-18,86,76,66,68,66,62,84,64,53,30.12,30.06,29.99,10,5,3,14,3,,0.00,5,Fog,238
1990-8-19,82,72,61,70,64,53,91,76,65,30.15,30.03,29.97,10,5,3,21,7,29,0.00,7,Fog-Rain,27
1990-8-20,64,60,57,57,54,49,84,76,69,30.22,30.20,30.17,15,10,5,17,14,23,0.00,8,Fog-Rain,69
1990-8-21,66,62,59,59,56,51,84,80,70,30.19,30.17,30.13,15,8,2,17,12,,0.00,8,Fog,44
1990-8-22,71,67,63,61,59,58,84,78,63,30.17,30.14,30.11,15,8,4,16,9,,0.00,8,Fog-Rain,64
1990-8-23,70,67,64,62,61,59,87,81,75,30.13,30.08,30.05,10,5,3,12,6,,0.00,8,Fog-Rain,58
1990-8-24,73,70,66,67,65,63,90,84,79,30.08,30.06,30.04,9,7,2,12,7,,0.00,8,Fog-Rain,34
1990-8-25,82,76,69,69,66,63,87,74,60,30.13,30.10,30.07,15,10,6,9,6,,0.00,6,Fog,314
1990-8-26,84,75,66,69,67,62,97,71,53,30.11,30.05,30.01,15,10,3,9,5,,0.00,4,Fog,344
1990-8-27,87,78,70,71,68,64,87,74,59,30.00,29.91,29.84,7,4,3,12,8,,0.00,4,Fog,315
1990-8-28,86,76,66,72,64,32,87,66,19,29.89,29.81,29.74,15,8,4,15,7,,0.00,5,Fog-Thunderstorm,271
1990-8-29,82,74,66,67,64,60,84,68,56,29.79,29.76,29.73,10,7,4,14,7,,0.00,7,Fog-Rain-Thunderstorm,268
1990-8-30,79,69,59,64,56,54,87,60,42,30.05,29.96,29.83,20,13,4,14,7,,0.00,2,Fog,20
1990-8-31,80,70,60,60,58,54,86,62,43,30.19,30.16,30.07,15,11,6,9,3,,0.00,3,Fog,352
1990-9-1,81,70,60,62,59,55,90,64,47,30.23,30.19,30.12,15,8,4,10,4,,0.00,3,Fog,264
1990-9-2,86,76,66,68,65,59,81,66,51,30.12,30.02,29.95,9,6,4,12,7,,0.00,4,,275
1990-9-3,77,70,63,64,57,51,78,63,52,30.33,30.19,30.01,10,10,5,17,11,,0.00,3,,32
1990-9-4,73,64,55,54,52,49,80,59,48,30.42,30.35,30.28,15,13,10,14,8,,0.00,3,,103
1990-9-5,75,66,57,64,59,51,78,68,58,30.37,30.12,30.03,10,9,6,12,5,,0.00,6,,270
1990-9-6,82,76,69,68,66,64,87,72,58,30.03,29.94,29.85,10,5,2,7,3,,0.00,5,Fog,300
1990-9-7,84,78,71,69,67,64,84,72,58,29.86,29.77,29.71,10,7,1,17,8,,0.00,6,Fog,281
1990-9-8,72,66,57,60,46,40,72,54,41,30.26,30.17,29.88,20,14,10,23,12,,0.00,4,,84
1990-9-9,66,57,48,59,51,42,84,67,58,30.24,30.16,30.09,10,10,7,12,8,,0.00,7,,129
1990-9-10,80,72,64,63,60,55,84,67,46,30.09,30.05,30.03,20,11,7,14,6,,0.00,6,,322
1990-9-11,82,72,62,64,62,56,87,66,52,30.20,30.17,30.10,10,7,6,12,5,,0.00,4,,338
1990-9-12,81,74,68,63,62,61,78,64,54,30.23,30.19,30.15,10,8,5,10,4,,0.00,7,Fog,201
1990-9-13,80,74,68,67,65,63,84,73,62,30.20,30.16,30.13,5,4,3,7,2,,0.00,7,Fog,298
1990-9-14,79,70,62,68,64,57,87,78,58,30.15,29.97,29.78,10,5,0,12,7,29,0.00,7,Fog-Rain,143
1990-9-15,75,69,62,66,57,50,84,64,48,29.75,29.65,29.58,15,10,5,17,12,29,0.00,4,Fog,301
1990-9-16,68,60,52,54,50,47,83,67,50,29.80,29.76,29.72,15,11,7,10,5,,0.00,5,Rain,314
1990-9-17,59,52,46,51,40,34,92,60,44,30.26,30.09,29.79,20,11,7,21,10,,0.00,4,,335
1990-9-18,64,52,39,46,37,32,73,53,36,30.29,30.22,30.16,20,14,7,17,10,,0.00,2,,310
1990-9-19,64,54,43,54,45,37,83,65,49,30.19,30.03,29.88,20,8,2,12,8,,0.00,7,Fog-Rain,178
1990-9-20,68,62,55,57,50,48,87,62,49,30.04,29.98,29.85,15,12,2,17,11,,0.00,5,Fog-Rain,314
1990-9-21,66,56,45,49,44,38,80,61,45,30.19,30.13,30.04,20,19,15,10,7,,0.00,4,,18
1990-9-22,64,60,57,59,56,49,87,84,72,30.03,29.78,29.68,15,6,1,12,5,,0.00,6,Fog-Rain,232
1990-9-23,64,58,51,48,44,40,80,59,45,29.84,29.73,29.66,15,12,7,21,13,34,0.00,3,,291
1990-9-24,62,53,44,42,40,37,76,58,44,30.02,29.98,29.94,15,11,8,17,8,,0.00,3,,284
1990-9-25,69,56,42,48,44,37,82,58,42,30.06,30.00,29.94,10,10,7,17,6,,0.00,3,,233
1990-9-26,70,62,55,58,54,49,86,73,59,29.97,29.90,29.87,10,7,5,14,7,,0.00,6,Fog-Rain-Thunderstorm,190
1990-9-27,73,62,52,57,53,47,86,69,49,30.15,30.09,29.97,10,8,3,10,4,,0.00,2,Fog,5
1990-9-28,75,62,48,58,53,44,84,70,50,30.22,30.19,30.15,10,4,0,12,1,,0.00,2,Fog,210
1990-9-29,77,68,59,62,59,55,87,75,60,30.19,30.15,30.11,7,4,0,15,5,,0.00,5,Fog,218
1990-9-30,75,68,62,64,59,53,86,71,60,30.12,30.01,29.93,8,5,1,25,9,,0.00,7,Fog-Rain,226
1990-10-1,64,56,48,52,43,32,83,59,31,30.10,30.03,29.97,15,10,7,16,10,,0.00,3,,310
1990-10-2,68,60,50,46,41,37,71,50,36,30.23,30.06,29.93,20,11,7,24,10,30,0.00,3,,304
1990-10-3,69,56,42,48,41,35,76,51,33,30.39,30.31,30.25,10,10,7,14,7,,0.00,2,,241
1990-10-4,73,66,59,63,59,51,93,75,64,30.14,29.94,29.82,20,8,4,23,13,34,0.00,6,Fog-Rain,224
1990-10-5,75,64,52,54,48,42,78,56,38,30.08,30.03,29.99,20,17,7,21,11,29,0.00,2,,260
1990-10-6,84,68,53,58,52,47,83,54,33,30.12,30.09,30.05,20,14,10,23,11,,0.00,2,,240
1990-10-7,80,67,54,59,54,45,86,62,42,30.19,30.14,30.10,15,9,4,21,5,,0.00,2,Fog,235
1990-10-8,81,72,62,66,63,57,87,74,58,30.19,30.15,30.11,10,5,0,12,4,,0.00,7,Fog-Rain,229
1990-10-9,82,76,69,66,63,59,84,66,52,30.15,30.07,30.02,20,13,3,21,11,29,0.00,3,Fog-Rain,214
1990-10-10,79,72,64,66,62,59,84,72,52,30.16,30.13,30.09,15,9,3,17,9,,0.00,6,Fog-Rain,176
1990-10-11,80,73,66,65,61,32,87,67,26,30.19,30.15,30.09,15,11,7,23,14,34,0.00,6,,160
1990-10-12,77,70,63,65,63,59,90,79,60,30.16,30.07,29.97,15,6,0,15,9,,0.00,7,Fog-Rain,112
1990-10-13,80,74,66,69,66,61,90,81,64,29.95,29.80,29.73,10,7,0,14,7,,0.00,7,Fog-Rain,192
1990-10-14,,,,,,,,,,29.86,29.83,29.76,10,9,3,12,8,,0.00,3,Fog,330
1990-10-15,,,,,,,,,,30.05,29.89,29.82,20,10,1,17,7,29,0.00,1,Fog,302
1990-10-16,66,57,46,46,37,32,72,44,28,30.29,30.24,30.08,20,19,10,17,9,,0.00,1,,318
1990-10-17,72,56,41,57,46,27,81,58,42,30.33,30.27,30.18,20,11,7,17,7,,0.00,4,,213
1990-10-18,75,65,55,64,57,32,93,76,35,30.17,29.75,28.87,20,9,0,17,13,52,0.00,7,Fog-Rain-Thunderstorm,222
1990-10-19,57,49,41,34,32,28,65,50,40,30.18,29.96,29.71,20,15,10,23,16,40,0.00,3,,302
1990-10-20,62,48,34,42,34,27,82,60,38,30.35,30.31,30.18,20,12,10,9,5,,0.00,2,,4
1990-10-21,66,50,34,50,43,28,90,66,52,30.36,30.29,30.21,15,9,7,14,7,,0.00,4,,205
1990-10-22,71,62,54,62,58,50,90,80,68,30.16,30.10,30.00,10,5,0,12,2,,0.00,8,Fog-Rain,223
1990-10-23,66,63,60,65,62,57,97,92,90,29.97,29.80,29.60,10,4,1,17,11,,0.00,8,Fog-Rain,107
1990-10-24,64,57,50,61,44,38,90,60,42,29.88,29.79,29.58,20,14,7,21,13,29,0.00,2,,328
1990-10-25,62,52,42,42,38,34,76,56,41,29.88,29.81,29.75,20,14,7,14,9,,0.00,4,,33
1990-10-26,50,44,39,38,31,22,68,55,48,30.00,29.81,29.72,20,13,10,29,21,40,0.00,6,,353
1990-10-27,55,42,30,30,26,21,69,49,34,30.22,30.18,30.15,20,15,10,17,6,,0.00,1,,291
1990-10-28,57,47,37,41,33,24,76,57,43,30.16,30.02,29.96,20,12,10,17,9,,0.00,5,Rain,277
1990-10-29,48,42,37,30,24,22,61,47,39,30.29,30.20,30.08,20,18,10,23,15,34,0.00,2,,336
1990-10-30,60,46,32,33,30,22,67,47,35,30.31,30.20,30.12,20,18,10,16,8,,0.00,0,,275
1990-10-31,64,53,42,45,38,32,70,54,41,30.25,30.21,30.14,15,11,7,9,6,,0.00,4,,62
1990-11-1,70,56,43,50,45,37,86,67,47,30.27,30.22,30.16,7,6,4,14,4,,0.00,3,Fog,236
1990-11-2,75,60,46,58,47,39,86,60,37,30.24,30.17,30.12,7,6,2,15,4,,0.00,6,Fog,233
1990-11-3,77,64,50,51,47,41,77,54,37,30.18,30.12,30.09,10,8,6,12,6,,0.00,4,,268
1990-11-4,73,59,45,50,43,38,76,56,39,30.10,30.00,29.92,10,8,5,15,6,,0.00,6,Fog,279
1990-11-5,70,56,43,58,49,37,90,67,46,29.95,29.86,29.72,10,6,3,17,9,,0.00,5,Fog,113
1990-11-6,63,53,42,55,32,21,75,48,37,30.07,29.86,29.64,20,15,7,23,18,40,0.00,1,,302
1990-11-7,53,43,33,34,30,23,73,55,45,30.15,30.05,29.99,15,11,6,12,7,,0.00,6,,304
1990-11-8,48,41,32,32,22,17,62,48,35,30.34,30.21,29.98,20,13,10,21,13,34,0.00,3,,337
1990-11-9,48,36,24,35,27,15,76,55,41,30.38,30.23,30.09,20,12,10,9,6,,0.00,6,,195
1990-11-10,64,54,43,62,48,31,93,82,56,30.06,29.50,29.25,15,6,1,23,15,34,0.00,7,Fog-Rain,49
1990-11-11,50,46,41,32,25,21,65,45,32,29.90,29.81,29.60,20,19,15,29,18,40,0.00,4,,298
1990-11-12,46,40,35,26,20,16,51,43,34,30.00,29.96,29.73,20,13,10,32,21,46,0.00,4,,310
1990-11-13,43,38,34,23,17,13,62,43,33,30.25,30.11,30.00,20,12,10,23,14,34,0.00,2,,318
1990-11-14,50,41,32,23,21,17,57,44,33,30.42,30.40,30.34,20,16,10,17,13,29,0.00,3,,303
1990-11-15,66,50,33,41,33,17,63,48,37,30.40,30.29,30.23,20,11,7,14,9,,0.00,1,,255
1990-11-16,71,56,41,47,41,31,74,53,39,30.22,30.04,29.88,15,10,6,14,8,,0.00,4,,229
1990-11-17,55,47,37,46,35,24,82,70,50,30.05,29.93,29.80,20,11,5,23,14,29,0.00,7,Fog-Rain,351
1990-11-18,44,36,28,21,17,14,59,46,34,30.14,30.08,30.05,20,16,10,21,14,23,0.00,0,,358
1990-11-19,50,38,25,20,18,14,63,46,28,30.04,30.00,29.94,20,14,10,17,11,,0.00,1,,326
1990-11-20,51,42,33,35,28,20,71,53,45,30.25,30.17,30.04,20,12,7,17,10,,0.00,1,,346
1990-11-21,55,44,33,36,29,22,76,54,41,30.30,30.26,30.20,15,13,9,9,3,,0.00,2,,343
1990-11-22,55,44,34,39,35,24,73,60,45,30.24,30.11,29.96,10,7,3,12,4,,0.00,5,Fog,183
1990-11-23,52,47,42,46,42,36,85,80,74,29.95,29.67,29.52,10,4,0,12,5,,0.00,8,Fog-Rain,265
1990-11-24,48,42,33,36,24,16,77,50,36,29.84,29.73,29.62,20,17,10,23,14,34,0.00,4,,265
1990-11-25,64,50,36,40,36,25,76,52,38,29.96,29.79,29.70,15,14,10,17,7,29,0.00,5,,263
1990-11-26,59,48,37,36,30,25,63,49,39,30.34,30.23,29.96,20,13,10,12,6,,0.00,1,,74
1990-11-27,64,52,41,50,44,30,80,67,56,30.32,30.21,30.14,10,7,5,12,7,,0.00,5,,186
1990-11-28,71,60,48,65,59,44,87,82,76,30.14,30.02,29.94,20,9,2,21,10,25,0.00,6,Fog-Rain,225
1990-11-29,70,52,33,64,30,19,81,53,46,30.24,30.14,29.95,20,12,6,21,16,,0.00,6,,330
1990-11-30,44,37,30,21,19,16,64,49,37,30.45,30.40,30.25,20,15,10,17,11,,0.00,1,,304
1990-12-1,52,38,25,37,26,17,78,59,41,30.43,30.34,30.30,15,11,8,17,8,,0.00,4,,229
1990-12-2,54,43,32,38,29,23,82,59,40,30.45,30.36,30.29,15,9,7,17,7,,0.00,4,,331
1990-12-3,55,45,37,53,39,25,90,76,58,30.48,30.27,30.02,10,5,2,21,15,32,0.00,7,Fog-Rain,125
1990-12-4,63,48,34,59,35,18,90,66,47,29.97,29.79,29.65,15,8,5,23,18,32,0.00,6,Fog-Rain,288
1990-12-5,36,33,30,17,16,14,59,50,41,30.07,30.00,29.89,15,11,10,23,18,34,0.00,4,,300
1990-12-6,48,36,25,29,22,15,72,53,38,30.08,30.02,29.95,15,12,9,14,8,,0.00,5,,290
1990-12-7,48,37,26,35,27,16,76,61,51,30.17,30.15,30.09,15,9,7,9,3,,0.00,7,,334
1990-12-8,46,40,34,31,27,20,68,57,44,30.14,30.03,29.97,20,12,7,12,9,,0.00,5,,357
1990-12-9,46,39,32,37,24,20,86,54,41,30.14,30.06,30.01,15,11,6,14,10,,0.00,2,,298
1990-12-10,54,44,35,32,24,11,65,47,29,30.08,29.92,29.81,15,12,10,23,13,34,0.00,3,,301
1990-12-11,37,32,26,14,12,0,56,44,31,30.28,30.22,30.09,15,11,10,12,7,,0.00,5,,300
1990-12-12,51,38,24,32,26,13,85,59,48,30.29,30.10,29.95,15,8,4,6,2,,0.00,2,,222
1990-12-13,64,49,34,42,35,21,79,57,34,30.03,29.82,29.73,15,9,4,21,8,32,0.00,6,Fog,279
1990-12-14,37,30,21,14,10,3,56,43,34,30.52,30.47,30.36,20,17,15,17,9,,0.00,0,,29
1990-12-15,39,30,21,34,27,8,83,73,57,30.49,30.06,29.81,15,4,0,8,3,,0.00,8,Fog-Rain-Thunderstorm,51
1990-12-16,46,42,39,36,32,29,83,64,54,30.11,29.97,29.81,15,10,0,23,12,25,0.00,6,Fog-Rain,298
1990-12-17,46,39,32,32,27,21,100,61,50,30.19,30.11,29.98,10,10,8,12,7,,0.00,6,,314
1990-12-18,64,52,39,54,46,30,86,79,68,29.96,29.59,29.42,10,6,2,17,11,29,0.00,8,Fog-Rain,213
1990-12-19,51,44,35,47,32,25,86,64,48,30.39,30.08,29.62,15,12,10,14,9,,0.00,4,,323
1990-12-20,43,36,28,32,27,18,71,62,52,30.67,30.60,30.41,20,14,10,14,9,,0.00,5,,88
1990-12-21,59,52,46,55,48,32,89,82,45,30.56,30.33,30.18,15,3,0,12,9,,0.00,8,Fog-Rain,137
1990-12-22,60,58,55,58,55,51,93,88,83,30.17,30.11,30.04,10,3,0,12,8,,0.00,8,Fog-Rain,219
1990-12-23,64,62,59,61,59,56,93,87,84,30.03,29.84,29.75,10,6,2,23,11,,0.00,8,Fog-Rain,220
1990-12-24,63,44,26,58,26,7,90,60,43,30.20,29.86,29.43,10,8,2,23,15,34,0.00,3,Fog-Rain,297
1990-12-25,29,24,18,11,7,5,60,52,42,30.42,30.36,30.22,20,12,10,23,11,,0.00,1,,313
1990-12-26,35,26,17,20,14,6,75,58,42,30.65,30.51,30.38,20,12,7,17,7,,0.00,6,,292
1990-12-27,27,23,19,19,11,6,81,59,49,30.87,30.79,30.67,20,10,0,17,8,,0.00,8,Fog-Snow,54
1990-12-28,35,30,26,31,27,20,85,82,78,30.49,30.46,30.43,7,4,0,14,10,,0.00,8,Fog-Rain,42
1990-12-29,39,37,35,34,33,30,89,85,80,30.45,30.30,30.17,6,0,0,12,6,,0.00,7,Fog,238
1990-12-30,62,50,37,56,48,34,93,87,78,30.15,29.87,29.74,10,4,0,16,7,,0.00,7,Fog-Rain,242
1990-12-31,57,42,27,54,22,13,87,57,43,30.54,30.29,29.72,10,9,4,21,13,,0.00,4,Fog-Rain,355