EST,Max TemperatureF,Mean TemperatureF,Min TemperatureF,Max Dew PointF,MeanDew PointF,Min DewpointF,Max Humidity, Mean Humidity, Min Humidity, Max Sea Level PressureIn, Mean Sea Level PressureIn, Min Sea Level PressureIn, Max VisibilityMiles, Mean VisibilityMiles, Min VisibilityMiles, Max Wind SpeedMPH, Mean Wind SpeedMPH, Max Gust SpeedMPH,PrecipitationIn, CloudCover, Events, WindDirDegrees
1993-1-1,55,39,23,41,19,8,57,47,36,30.43,30.22,29.88,15,15,15,23,18,38,0.00,4,,329
1993-1-2,36,30,23,14,11,8,57,47,39,30.62,30.56,30.43,20,15,10,17,8,,0.00,4,,335
1993-1-3,38,30,23,31,25,11,76,65,59,30.67,30.56,30.45,20,10,5,8,2,,0.00,7,Rain,160
1993-1-4,61,50,39,48,44,33,76,65,58,30.42,30.20,30.04,15,10,3,17,10,29,0.00,4,Fog-Rain,224
1993-1-5,61,52,43,58,45,30,90,67,48,30.17,29.92,29.75,20,12,3,20,15,34,0.00,5,Fog-Rain,285
1993-1-6,45,38,32,32,27,24,70,63,53,30.30,30.24,30.19,15,12,8,9,2,,0.23,7,,340
1993-1-7,45,38,32,35,28,24,78,64,53,30.28,30.19,30.13,15,10,7,6,1,,0.00,7,,167
1993-1-8,41,38,36,33,30,26,73,69,62,30.17,30.08,30.02,15,6,4,9,2,,0.00,8,Fog-Rain-Snow,33
1993-1-9,37,32,27,25,19,12,72,63,51,30.43,30.35,30.18,9,6,0,21,12,23,0.00,8,Fog-Snow,60
1993-1-10,27,25,23,17,11,7,71,56,49,30.62,30.57,30.46,15,9,3,17,11,,0.00,8,Snow,63
1993-1-11,30,26,23,23,20,16,76,72,69,30.54,30.48,30.43,10,4,0,12,8,,0.00,8,Fog-Snow,44
1993-1-12,39,36,32,35,31,25,83,79,73,30.42,30.28,30.16,2,1,0,12,7,,0.00,8,Fog,64
1993-1-13,41,38,34,39,34,28,89,80,62,30.14,29.90,29.77,15,5,0,14,9,,0.00,7,Fog-Rain,64
1993-1-14,38,35,32,29,27,24,82,70,58,30.25,30.15,29.89,15,10,5,12,7,,0.00,7,Fog-Snow,345
1993-1-15,38,35,32,29,26,24,79,68,57,30.27,30.17,30.12,10,6,0,12,3,,0.00,8,Fog,289
1993-1-16,38,34,27,27,23,18,75,65,59,30.13,29.99,29.87,10,8,5,9,3,,0.00,8,,38
1993-1-17,39,32,25,28,23,17,69,58,47,29.92,29.81,29.75,10,7,5,17,8,,0.00,7,,272
1993-1-18,37,31,25,18,10,5,49,44,37,30.48,30.34,29.94,20,14,10,17,12,23,0.00,3,,337
1993-1-19,36,27,18,13,9,5,57,46,35,30.67,30.61,30.50,15,13,8,21,8,,0.00,1,,338
1993-1-20,41,30,18,16,13,8,68,46,33,30.67,30.54,30.47,15,13,10,15,7,,0.00,0,,289
1993-1-21,47,35,23,36,25,8,82,64,46,30.57,30.46,30.27,15,8,4,14,6,,0.00,6,Rain,88
1993-1-22,50,44,36,45,37,27,83,71,56,30.22,29.93,29.86,15,9,1,14,11,,0.00,6,Fog-Rain,272
1993-1-23,45,40,32,30,26,22,72,59,51,30.16,30.11,29.91,15,11,7,17,11,,0.00,5,,290
1993-1-24,57,44,30,47,36,23,80,65,40,30.14,29.87,29.70,20,10,5,23,11,34,0.00,5,Fog-Rain,212
1993-1-25,39,33,27,25,12,10,55,41,34,30.42,30.27,29.92,15,14,6,23,16,,0.00,2,,313
1993-1-26,36,28,21,16,13,1,56,48,40,30.47,30.35,30.19,20,14,7,22,10,,0.00,4,,109
1993-1-27,43,35,27,30,21,15,72,57,47,30.17,29.91,29.80,20,14,10,17,10,,0.00,4,,347
1993-1-28,36,28,21,22,17,8,63,51,44,30.14,30.02,29.90,15,14,10,12,5,,0.00,6,,239
1993-1-29,41,32,21,26,13,0,69,44,32,30.29,30.04,29.83,20,14,7,23,16,34,0.00,4,,301
1993-1-30,37,28,20,13,7,1,49,38,29,30.29,30.07,29.97,20,14,10,23,14,34,0.00,3,,305
1993-1-31,50,39,28,25,18,10,53,37,24,29.95,29.51,29.40,20,15,7,18,12,32,0.00,6,,274
1993-2-1,41,26,11,26,2,-7,60,41,33,30.07,29.78,29.49,20,14,5,23,18,34,0.00,3,,336
1993-2-2,27,17,7,-1,-5,-10,48,35,25,30.32,30.25,30.08,20,17,15,23,18,34,0.00,0,,347
1993-2-3,50,34,18,13,7,1,48,30,18,30.29,30.07,29.98,15,13,10,17,11,,0.00,3,,277
1993-2-4,41,36,23,14,6,-4,42,29,21,30.34,30.21,29.97,15,13,10,29,17,40,0.00,1,,330
1993-2-5,63,43,23,19,11,-3,47,30,12,30.32,30.07,29.94,20,14,10,21,10,29,0.00,4,,259
1993-2-6,32,20,7,19,3,-11,96,56,41,30.38,30.24,30.04,15,7,0,23,16,,0.00,5,Fog-Snow,48
1993-2-7,30,15,0,18,6,-14,66,53,43,30.39,30.27,30.09,20,11,7,12,7,,0.00,3,,91
1993-2-8,41,32,23,24,18,9,69,54,45,30.21,30.06,30.00,15,10,7,23,8,,0.00,2,,356
1993-2-9,37,26,16,15,10,0,61,46,33,30.46,30.41,30.22,20,14,10,16,9,,0.00,2,,103
1993-2-10,52,36,21,34,27,13,75,61,47,30.39,30.21,30.14,10,8,5,12,3,,0.00,1,,252
1993-2-11,45,38,32,29,26,21,72,59,47,30.39,30.32,30.17,10,7,5,23,10,23,0.00,6,Fog,78
1993-2-12,32,30,28,28,24,20,82,74,61,30.25,29.91,29.47,10,4,1,23,19,34,0.00,8,Fog-Rain-Snow,70
1993-2-13,37,34,32,34,27,19,100,73,54,29.50,29.41,29.33,15,9,1,20,13,,0.00,8,Fog-Rain-Snow,292
1993-2-14,36,32,25,20,14,9,59,46,37,30.09,29.83,29.51,20,14,10,21,17,29,0.00,2,,316
1993-2-15,38,30,21,21,17,8,64,52,43,30.39,30.32,30.11,15,12,10,14,7,,0.00,4,,289
1993-2-16,41,36,32,36,30,20,86,78,56,30.40,29.96,29.66,10,4,0,17,9,,0.00,8,Fog-Rain-Snow,129
1993-2-17,38,32,27,33,17,12,79,50,42,30.07,30.01,29.68,15,11,5,23,14,34,0.00,4,Fog,302
1993-2-18,27,22,16,14,6,-3,63,46,37,30.12,30.05,29.99,15,12,7,21,10,,0.00,1,,312
1993-2-19,23,16,9,1,-2,-6,50,41,35,30.23,30.18,30.13,15,15,10,20,14,,0.00,0,,315
1993-2-20,34,22,10,20,10,-4,68,54,45,30.16,30.08,30.01,15,11,4,9,3,,0.00,5,Fog,298
1993-2-21,32,26,19,29,21,7,85,72,57,30.15,29.97,29.60,10,4,0,17,10,,0.00,8,Fog-Rain-Snow,93
1993-2-22,45,38,32,37,31,23,86,74,59,29.68,29.58,29.51,10,5,0,16,6,,0.00,6,Fog-Rain,238
1993-2-23,34,30,23,21,14,10,66,51,40,29.91,29.79,29.68,10,10,10,23,13,,0.00,4,,277
1993-2-24,25,20,16,10,2,-1,55,44,35,30.28,30.12,29.91,15,14,10,21,14,23,0.00,2,,310
1993-2-25,27,19,11,5,2,-1,56,45,35,30.49,30.44,30.31,15,11,10,14,8,,0.00,2,,319
1993-2-26,28,24,21,19,14,5,69,61,48,30.39,30.32,30.27,10,7,1,12,8,,0.00,7,Fog-Snow,75
1993-2-27,34,28,21,14,7,2,46,42,38,30.27,30.23,30.20,20,16,15,21,13,,0.00,3,,35
1993-2-28,36,26,16,10,6,2,57,39,30,30.22,30.14,30.08,20,16,15,18,11,,0.00,3,,341
1993-3-1,41,30,20,16,11,4,55,41,32,30.10,30.00,29.90,15,12,10,14,10,,0.00,4,,296
1993-3-2,50,38,25,31,24,13,66,55,38,29.90,29.83,29.77,15,9,6,20,6,,0.00,4,,296
1993-3-3,48,42,36,32,27,24,70,56,49,30.11,30.02,29.86,10,6,5,12,6,,0.00,7,,88
1993-3-4,37,36,34,32,27,24,83,72,57,30.09,29.79,29.54,10,5,2,40,24,60,0.00,8,Fog-Rain,83
1993-3-5,36,34,30,32,29,25,83,80,75,29.75,29.70,29.66,10,5,0,23,17,40,0.00,8,Fog-Rain-Snow,68
1993-3-6,38,32,27,30,27,22,79,72,67,29.94,29.85,29.74,15,8,2,14,9,,0.00,6,Fog-Snow,297
1993-3-7,50,41,32,39,27,22,89,56,42,30.01,29.95,29.87,20,14,10,17,10,,0.00,3,,252
1993-3-8,52,42,32,40,31,23,73,62,35,29.85,29.69,29.60,15,10,4,12,7,,0.00,4,Fog-Rain,264
1993-3-9,45,40,34,29,24,18,70,54,37,30.04,29.89,29.73,15,15,10,23,14,29,0.00,3,,302
1993-3-10,38,32,27,29,23,14,85,64,48,30.05,29.88,29.67,20,10,0,17,9,,0.00,7,Fog-Rain-Snow,61
1993-3-11,37,32,27,27,16,10,75,48,37,30.14,29.94,29.66,15,11,0,17,10,29,0.00,4,Fog,321
1993-3-12,41,31,21,23,18,7,72,53,45,30.26,30.23,30.15,15,12,10,9,7,,0.00,5,,256
1993-3-13,34,31,28,27,24,20,82,75,64,30.18,29.21,28.43,10,2,0,40,19,58,0.00,8,Fog-Rain-Snow,72
1993-3-14,27,22,16,19,1,-7,72,44,30,30.09,29.61,28.45,20,15,1,25,19,40,0.00,6,Fog-Snow,303
1993-3-15,28,18,9,4,0,-6,50,39,33,30.61,30.52,30.13,15,12,10,14,11,23,0.00,0,,276
1993-3-16,43,30,18,31,21,4,76,54,37,30.65,30.55,30.43,15,15,15,21,12,,0.00,3,,207
1993-3-17,45,38,27,42,32,10,86,75,49,30.42,30.18,30.06,15,5,1,23,8,26,0.00,8,Fog-Rain-Snow,302
1993-3-18,28,20,12,10,-1,-6,53,36,30,30.67,30.49,30.18,20,14,6,23,16,25,0.00,2,,360
1993-3-19,36,23,10,12,5,-4,55,41,31,30.78,30.72,30.66,15,13,10,12,7,,0.00,1,,96
1993-3-20,41,30,19,25,19,7,71,58,42,30.66,30.50,30.41,10,10,7,9,3,,0.00,7,,202
1993-3-21,46,39,32,36,29,24,78,68,61,30.36,30.34,30.31,10,7,0,12,6,,0.00,6,Fog-Snow,248
1993-3-22,48,41,34,29,25,21,72,53,42,30.49,30.44,30.35,10,9,6,12,7,,0.00,5,Fog,328
1993-3-23,43,36,29,32,26,17,82,62,44,30.53,30.44,30.31,10,7,1,12,9,,0.00,7,Fog-Rain,97
1993-3-24,38,38,37,33,33,32,79,79,79,30.20,30.15,30.12,10,5,2,12,9,,0.00,8,Fog-Rain,53
1993-3-25,48,42,37,38,35,31,76,68,61,30.26,30.23,30.20,15,11,10,12,10,,0.00,8,,1
1993-3-26,63,52,41,47,41,34,73,63,54,30.25,30.20,30.15,15,10,7,9,4,,0.00,4,,319
1993-3-27,54,46,37,45,42,32,83,75,69,30.17,30.10,29.98,10,6,3,23,8,,0.00,7,Fog-Rain,105
1993-3-28,54,51,48,50,47,44,86,83,79,29.97,29.89,29.85,10,2,0,52,18,,0.00,8,Fog-Rain-Thunderstorm,82
1993-3-29,54,52,50,51,47,45,89,84,80,29.84,29.72,29.67,7,4,0,12,6,,0.00,8,Fog-Rain,31
1993-3-30,54,50,45,45,42,40,83,73,62,29.87,29.77,29.68,15,10,5,17,11,,0.00,7,Fog,6
1993-3-31,65,54,43,49,42,38,83,64,47,29.95,29.91,29.86,15,13,10,17,7,,0.00,6,,130
1993-4-1,47,45,43,43,40,32,83,79,54,29.86,29.64,29.59,6,3,1,17,14,,0.00,8,Fog-Rain,76
1993-4-2,41,40,38,37,34,33,82,79,76,29.83,29.74,29.66,6,3,2,12,8,,0.00,8,Fog-Rain,86
1993-4-3,43,40,38,34,28,24,79,59,49,30.14,30.02,29.84,20,11,4,21,13,,0.00,7,Fog-Rain,327
1993-4-4,43,38,34,32,24,21,68,50,44,30.26,30.19,30.14,20,14,7,17,12,,0.00,6,,339
1993-4-5,54,42,30,31,26,21,67,49,32,30.27,30.23,30.17,20,10,7,17,7,,0.00,5,,117
1993-4-6,52,44,36,40,26,22,89,52,35,30.23,30.21,30.19,20,10,7,18,11,29,0.00,6,,87
1993-4-7,59,48,36,35,25,17,62,40,25,30.26,30.22,30.18,15,12,10,14,10,,0.00,3,,92
1993-4-8,66,49,32,36,24,14,66,36,18,30.23,30.15,30.07,20,17,10,12,8,,0.00,5,,92
1993-4-9,63,52,41,45,40,25,97,63,44,30.13,30.02,29.90,20,8,0,17,9,,0.00,7,Fog,108
1993-4-10,61,54,47,57,52,42,86,83,80,29.86,29.56,29.47,7,5,0,18,12,23,0.00,8,Fog-Rain,152
1993-4-11,56,50,43,47,36,31,77,56,47,29.81,29.72,29.53,20,16,6,21,16,34,0.00,3,Fog,340
1993-4-12,55,47,39,36,31,26,76,58,47,29.83,29.78,29.73,15,13,10,20,13,28,0.00,5,,350
1993-4-13,61,50,39,40,34,27,70,53,42,29.99,29.93,29.84,20,15,10,17,14,,0.00,4,,356
1993-4-14,63,48,34,44,38,26,70,55,41,30.05,30.01,29.95,15,10,7,12,7,,0.00,5,,231
1993-4-15,64,56,48,53,47,41,96,72,60,30.05,30.00,29.93,10,6,2,12,8,,0.00,7,Fog-Rain,113
1993-4-16,68,62,57,55,54,52,83,74,61,29.94,29.86,29.68,10,6,1,23,14,34,0.00,8,Fog-Rain,173
1993-4-17,59,54,47,54,39,32,81,58,47,29.90,29.76,29.65,15,13,4,21,16,25,0.00,6,Fog,293
1993-4-18,59,50,41,31,28,25,55,43,32,30.02,29.98,29.91,20,12,7,23,13,,0.00,2,,299
1993-4-19,72,55,38,43,38,27,68,44,28,30.05,29.99,29.93,20,12,7,23,11,,0.00,3,,235
1993-4-20,74,63,52,50,46,38,62,51,41,30.02,29.95,29.87,15,12,7,23,13,,0.00,5,,209
1993-4-21,70,62,52,51,47,42,83,58,44,29.92,29.82,29.70,20,11,6,16,9,,0.00,6,Rain,267
1993-4-22,52,46,39,49,35,26,89,70,57,29.68,29.49,29.43,20,10,2,23,14,23,0.00,8,Fog-Rain,345
1993-4-23,57,48,39,32,28,26,65,49,31,29.82,29.61,29.47,20,14,6,29,19,46,0.00,6,Rain,321
1993-4-24,66,54,41,39,30,23,47,34,25,30.18,30.13,29.93,20,14,10,14,9,,0.00,6,,237
1993-4-25,77,64,50,53,48,29,74,53,40,30.11,30.01,29.93,15,10,7,20,12,,0.00,3,,215
1993-4-26,68,56,45,60,50,35,79,72,62,29.99,29.89,29.77,15,8,0,23,13,34,0.00,7,Fog-Rain-Thunderstorm,265
1993-4-27,61,51,41,34,24,17,65,37,20,30.34,30.24,30.03,20,15,7,21,16,,0.00,2,,21
1993-4-28,65,48,32,34,29,23,76,43,27,30.43,30.35,30.28,20,15,10,12,6,,0.00,2,,105
1993-4-29,73,54,36,44,35,23,86,41,29,30.30,30.17,30.09,15,13,10,12,6,,0.00,1,,185
1993-4-30,74,58,43,48,42,31,63,47,32,30.14,30.09,30.05,10,9,6,12,5,,0.00,5,,181
1993-5-1,79,63,47,54,49,40,77,54,39,30.16,30.11,30.06,15,11,6,12,6,,0.00,2,,268
1993-5-2,73,62,52,47,44,37,67,49,26,30.34,30.24,30.14,20,11,6,17,8,,0.00,3,,85
1993-5-3,66,58,50,51,46,43,80,64,46,30.45,30.40,30.34,15,7,2,17,10,,0.00,6,Fog,110
1993-5-4,66,56,45,57,50,32,80,75,58,30.39,30.31,30.22,10,4,0,12,9,,0.00,8,Fog,87
1993-5-5,68,62,56,62,58,51,84,81,78,30.24,30.12,30.03,10,5,0,12,7,,0.00,8,Fog-Rain,185
1993-5-6,75,67,59,73,55,43,91,64,45,30.04,30.00,29.95,15,9,0,17,9,,0.00,4,Fog,317
1993-5-7,77,66,54,49,45,40,66,43,33,30.18,30.10,30.02,15,14,6,52,9,,0.00,3,,7
1993-5-8,79,66,52,54,50,44,80,56,39,30.31,30.25,30.18,10,8,3,52,18,,0.00,3,Fog,148
1993-5-9,84,66,48,59,53,42,80,53,34,30.23,30.16,30.10,10,9,7,12,5,,0.00,0,,246
1993-5-10,82,69,56,60,52,44,78,53,38,30.17,30.14,30.12,15,9,4,14,5,,0.00,2,Fog,125
1993-5-11,88,70,52,64,57,43,74,51,37,30.12,29.86,29.70,10,6,3,17,10,,0.00,2,Fog,265
1993-5-12,83,72,61,53,49,45,70,45,28,29.70,29.60,29.50,20,10,4,23,12,34,0.00,6,Rain,277
1993-5-13,61,56,50,53,45,40,78,62,52,29.72,29.65,29.53,15,10,3,12,7,,0.00,7,Fog-Rain,333
1993-5-14,72,58,45,48,44,38,90,54,35,29.80,29.76,29.72,15,14,7,12,6,,0.00,2,,199
1993-5-15,79,66,52,56,53,42,77,55,37,29.85,29.79,29.74,15,9,6,15,9,23,0.00,2,Fog,212
1993-5-16,77,68,59,59,52,47,83,62,34,29.86,29.83,29.78,15,8,2,14,8,,0.00,6,Fog,298
1993-5-17,70,59,48,54,41,38,83,51,35,30.00,29.95,29.84,15,12,4,14,6,,0.00,4,Fog,325
1993-5-18,63,56,50,54,47,43,80,76,67,29.97,29.88,29.78,7,4,3,12,4,,0.00,8,Fog-Rain,100
1993-5-19,57,54,52,51,49,46,83,79,77,29.74,29.71,29.69,7,3,0,8,6,,0.00,8,Fog-Rain,102
1993-5-20,57,52,46,52,48,42,84,80,77,29.80,29.74,29.69,7,4,0,12,4,,0.00,7,Fog-Rain,9
1993-5-21,68,56,45,46,40,34,83,52,36,29.89,29.86,29.80,20,10,0,12,6,,0.00,3,Fog,336
1993-5-22,66,56,45,45,40,35,71,53,37,30.00,29.95,29.89,20,12,10,17,9,,0.00,5,Rain,341
1993-5-23,73,59,45,46,41,34,66,44,34,30.10,30.04,29.98,15,12,10,17,9,,0.00,3,,294
1993-5-24,79,68,56,58,54,44,69,54,45,30.01,29.95,29.91,10,8,5,17,8,,0.00,6,Rain,237
1993-5-25,84,75,66,59,55,50,68,48,36,29.98,29.93,29.88,10,8,5,17,10,29,0.00,5,,263
1993-5-26,73,64,56,51,44,38,62,46,32,30.08,30.05,30.01,15,12,10,17,11,,0.00,4,,314
1993-5-27,73,64,56,47,38,33,57,35,24,30.12,30.08,30.05,20,14,10,17,12,,0.00,4,,324
1993-5-28,84,70,56,59,50,38,57,45,34,30.11,29.97,29.88,10,10,10,17,4,,0.00,5,,247
1993-5-29,73,64,54,59,46,34,70,48,32,30.11,29.97,29.85,10,9,5,29,14,29,0.00,5,Fog-Rain,342
1993-5-30,74,58,43,39,36,33,71,39,24,30.15,30.05,29.97,20,14,10,15,9,,0.00,2,,311
1993-5-31,70,58,45,58,48,37,81,60,42,29.98,29.79,29.67,10,8,4,17,8,25,0.00,7,Rain-Thunderstorm,183
1993-6-1,68,62,52,57,42,36,84,49,37,29.91,29.80,29.69,15,12,6,52,18,29,0.00,3,,320
1993-6-2,68,54,41,43,40,33,76,49,34,29.99,29.94,29.88,20,13,9,12,8,,0.00,6,Rain,278
1993-6-3,74,64,55,51,47,43,72,53,38,29.91,29.86,29.81,15,12,6,12,7,,0.00,4,Fog-Rain,271
1993-6-4,72,63,54,55,49,44,78,60,44,29.90,29.87,29.81,20,10,4,14,7,,0.00,6,Fog-Rain,352
1993-6-5,61,58,56,58,52,47,100,80,62,29.94,29.89,29.84,10,5,0,12,7,,0.00,8,Fog-Rain,121
1993-6-6,72,61,50,53,46,40,87,56,38,30.04,29.96,29.89,20,13,5,23,11,34,0.00,4,Fog-Rain,337
1993-6-7,77,61,45,52,47,38,74,49,34,30.08,30.03,29.97,15,11,10,18,8,,0.00,4,,301
1993-6-8,81,71,61,61,56,51,72,60,49,30.02,29.98,29.94,7,6,5,14,8,,0.00,7,Rain,181
1993-6-9,91,77,63,71,65,55,84,69,50,29.95,29.89,29.86,10,5,1,23,7,34,0.00,6,Fog-Rain-Thunderstorm,267
1993-6-10,88,76,64,66,61,57,87,55,39,29.91,29.87,29.83,10,10,4,21,10,29,0.00,4,Fog,286
1993-6-11,82,75,64,58,56,50,75,51,39,30.11,29.99,29.92,20,12,10,21,9,25,0.00,4,,344
1993-6-12,77,68,56,60,54,45,72,57,44,30.26,30.22,30.11,20,15,6,12,8,,0.00,5,,71
1993-6-13,81,66,52,61,53,46,83,55,38,30.30,30.24,30.19,15,11,7,12,3,,0.00,4,,167
1993-6-14,84,70,55,60,53,45,77,47,31,30.22,30.15,30.09,20,13,10,14,7,,0.00,2,,204
1993-6-15,82,70,59,62,59,46,78,60,47,30.10,30.04,29.98,10,9,4,20,11,,0.00,5,Fog,220
1993-6-16,82,70,59,60,56,50,81,54,41,30.21,30.15,30.06,20,11,3,12,9,,0.00,3,Rain-Thunderstorm,327
1993-6-17,86,72,59,62,57,51,72,50,37,30.29,30.23,30.18,15,11,6,12,6,,0.00,2,,236
1993-6-18,91,77,63,70,65,54,75,57,44,30.22,30.15,30.06,10,4,4,12,8,,0.00,4,,243
1993-6-19,95,82,70,71,66,63,81,61,41,30.10,30.06,30.02,10,5,0,20,5,,0.00,5,Fog-Rain-Thunderstorm,318
1993-6-20,88,78,68,71,67,63,84,70,57,30.15,30.11,30.06,10,4,3,14,7,,0.00,5,Fog-Rain,105
1993-6-21,86,77,68,72,66,62,87,73,53,30.01,29.90,29.81,10,4,0,17,5,29,0.00,7,Fog-Rain-Thunderstorm,249
1993-6-22,83,74,66,66,62,52,84,63,44,29.85,29.77,29.70,10,8,3,17,8,,0.00,2,Fog,321
1993-6-23,79,69,59,49,44,39,55,39,27,30.13,30.02,29.86,20,16,10,21,12,23,0.00,2,,352
1993-6-24,84,68,52,57,49,42,74,45,28,30.30,30.26,30.16,20,17,15,12,7,,0.00,2,,338
1993-6-25,86,72,57,60,53,47,81,45,25,30.30,30.22,30.14,20,16,10,17,9,,0.00,0,,216
1993-6-26,88,76,63,66,64,56,78,58,40,30.12,30.02,29.90,10,10,7,21,12,23,0.00,3,,226
1993-6-27,88,77,66,66,62,58,84,60,42,30.00,29.94,29.87,15,12,9,12,7,,0.00,5,Thunderstorm,22
1993-6-28,90,78,65,66,59,32,81,53,13,29.90,29.87,29.83,15,9,5,14,6,,0.00,4,,253
1993-6-29,86,77,68,68,65,61,84,65,53,29.96,29.92,29.87,10,8,5,12,6,,0.00,7,Rain,82
1993-6-30,86,76,66,68,62,59,87,60,46,30.09,29.98,29.93,10,8,5,12,5,,0.00,7,,76
1993-7-1,86,76,65,61,57,52,65,51,38,30.16,30.11,30.03,15,11,7,17,9,,0.00,5,,95
1993-7-2,68,66,64,66,60,32,93,80,28,30.16,30.07,29.97,20,8,3,12,10,,0.00,8,Fog-Rain,98
1993-7-3,84,75,66,72,68,64,90,76,60,29.96,29.91,29.87,10,4,2,12,5,,0.00,7,Fog,299
1993-7-4,91,80,70,74,68,65,87,62,45,30.00,29.96,29.90,10,6,1,14,6,,0.00,2,Fog,346
1993-7-5,90,80,70,67,64,58,71,54,42,30.12,30.08,30.00,15,10,10,12,6,,0.00,0,,110
1993-7-6,90,80,70,74,70,63,79,66,57,30.12,30.07,30.00,10,5,3,16,8,,0.00,5,Fog,190
1993-7-7,99,86,73,77,73,67,84,61,40,30.07,30.01,29.95,10,5,2,12,6,,0.00,4,Fog,288
1993-7-8,99,88,77,73,71,69,76,55,39,30.00,29.97,29.92,7,6,4,12,6,,0.00,2,,296
1993-7-9,97,86,75,72,70,67,74,55,41,30.01,29.98,29.95,10,9,6,14,7,,0.00,4,,318
1993-7-10,99,87,75,74,70,68,79,51,40,29.98,29.93,29.89,10,6,3,14,7,,0.00,2,,301
1993-7-11,93,82,72,69,65,62,71,53,38,29.98,29.90,29.81,10,9,7,12,7,,0.00,3,,317
1993-7-12,92,82,73,69,66,63,76,52,42,29.85,29.79,29.76,15,9,5,16,7,,0.00,5,,313
1993-7-13,93,82,70,69,64,62,73,52,37,30.06,30.00,29.87,10,10,5,12,5,,0.00,3,,349
1993-7-14,93,80,68,73,69,63,87,75,49,30.10,30.04,29.97,10,5,2,23,7,34,0.00,6,Fog-Rain-Thunderstorm,188
1993-7-15,84,77,68,70,61,51,90,60,38,29.98,29.95,29.91,15,9,3,17,10,,0.00,4,Fog-Rain,339
1993-7-16,82,69,56,56,53,48,72,49,35,30.01,29.94,29.87,20,13,10,16,7,,0.00,1,,317
1993-7-17,81,73,64,52,49,46,57,43,33,30.04,29.99,29.94,20,18,10,14,9,,0.00,1,,348
1993-7-18,86,70,55,60,56,49,77,50,36,30.15,30.11,30.07,20,14,7,12,7,,0.00,3,,226
1993-7-19,70,67,64,65,62,56,90,83,61,30.11,29.98,29.88,20,5,0,12,8,,0.00,8,Fog-Rain,114
1993-7-20,88,76,65,72,64,32,93,67,25,29.89,29.82,29.21,9,5,0,14,5,,0.00,6,Fog,299
1993-7-21,81,72,64,63,57,53,68,52,42,29.98,29.95,29.88,20,13,9,14,10,,0.00,3,,305
1993-7-22,81,69,57,56,54,50,77,49,39,30.04,29.98,29.92,20,13,7,12,6,,0.00,2,,302
1993-7-23,83,70,57,58,54,40,69,51,40,30.04,29.99,29.96,20,13,10,14,8,,0.00,2,,308
1993-7-24,88,74,59,63,60,52,83,55,40,30.12,30.09,30.05,15,13,9,9,5,,0.00,4,,327
1993-7-25,90,76,61,68,63,56,87,62,42,30.14,30.10,30.07,15,8,4,15,3,,0.00,5,Fog,129
1993-7-26,74,70,66,62,61,60,81,69,61,30.16,30.12,30.02,20,15,10,17,11,,0.00,8,,149
1993-7-27,88,78,68,72,67,60,85,64,48,30.04,29.88,29.82,20,10,7,12,8,,0.00,7,Rain,244
1993-7-28,90,79,68,70,67,62,81,59,48,29.93,29.88,29.84,15,10,10,12,5,,0.00,3,,292
1993-7-29,90,80,70,71,66,57,84,61,49,29.84,29.76,29.73,10,8,4,17,8,,0.00,4,Fog,284
1993-7-30,81,74,66,62,59,56,76,55,46,29.85,29.78,29.76,10,10,9,15,9,,0.00,4,,287
1993-7-31,86,74,61,65,61,55,78,62,46,29.93,29.89,29.86,20,13,10,12,8,,0.00,5,,302
1993-8-1,90,78,65,71,65,60,81,61,45,29.93,29.88,29.83,15,10,10,15,4,,0.00,4,,199
1993-8-2,93,80,68,71,65,62,84,56,36,29.87,29.82,29.78,10,7,4,14,6,,0.00,5,Fog,231
1993-8-3,91,78,66,69,63,58,81,53,37,30.01,29.98,29.87,10,9,5,14,5,,0.00,5,,277
1993-8-4,90,79,68,69,60,57,76,54,35,30.02,29.98,29.94,15,10,4,14,6,,0.00,5,,304
1993-8-5,81,70,59,62,54,47,81,51,36,30.08,30.05,30.01,15,10,7,12,7,,0.00,4,,328
1993-8-6,72,66,59,58,54,47,87,72,55,30.08,30.03,29.95,15,6,2,17,7,,0.00,8,Fog-Rain,80
1993-8-7,81,71,61,65,61,57,90,73,56,30.14,30.07,29.96,10,8,3,14,6,,0.00,7,Fog-Rain,65
1993-8-8,82,72,61,68,62,56,84,72,53,30.28,30.23,30.15,10,6,3,12,5,,0.00,6,Fog,123
1993-8-9,86,76,65,68,63,57,85,64,49,30.33,30.29,30.26,10,6,2,14,6,,0.00,5,Fog,184
1993-8-10,86,75,64,68,62,56,84,61,46,30.30,30.25,30.20,10,8,3,12,7,,0.00,4,,164
1993-8-11,81,70,59,67,60,55,84,67,49,30.24,30.18,30.14,10,9,6,14,3,,0.00,6,,134
1993-8-12,83,74,64,67,63,59,84,68,55,30.15,30.06,30.01,10,8,5,12,4,,0.00,6,Fog,153
1993-8-13,84,74,63,71,64,58,84,70,54,30.05,30.00,29.97,10,7,5,12,3,,0.00,5,Fog,137
1993-8-14,88,78,68,70,65,62,97,65,45,30.03,29.99,29.94,10,6,0,12,2,,0.00,5,Fog,351
1993-8-15,92,78,63,70,66,59,90,63,42,30.05,30.00,29.98,7,6,4,12,4,,0.00,3,,10
1993-8-16,83,74,65,73,67,62,97,77,65,30.05,30.01,29.97,10,3,0,17,6,,0.00,8,Fog-Rain-Thunderstorm,147
1993-8-17,77,72,66,70,66,62,87,80,71,29.98,29.92,29.88,7,5,1,12,8,,0.00,8,Fog-Rain-Thunderstorm,91
1993-8-18,79,74,68,67,65,64,90,72,62,30.04,29.98,29.93,10,7,3,15,10,,0.00,7,Fog,55
1993-8-19,86,74,61,68,64,56,84,68,55,30.09,30.05,30.01,10,8,7,18,5,,0.00,3,,204
1993-8-20,86,76,65,73,67,60,84,72,62,30.00,29.87,29.76,7,5,3,14,7,,0.00,6,Fog-Rain,224
1993-8-21,79,72,64,64,60,55,84,62,48,29.97,29.92,29.84,10,9,3,17,11,,0.00,4,Fog,352
1993-8-22,79,67,55,61,56,47,76,63,52,30.16,30.12,30.09,15,10,7,12,5,,0.00,4,,108
1993-8-23,84,70,57,69,60,32,87,65,15,30.13,30.09,30.05,10,7,0,12,3,,0.00,4,Fog,225
1993-8-24,86,77,68,67,64,60,76,63,53,30.11,30.08,30.04,10,8,6,17,9,,0.00,3,,207
1993-8-25,91,80,70,74,69,61,82,66,48,30.13,30.10,30.07,10,6,4,12,5,,0.00,3,Fog-Rain,278
1993-8-26,92,80,68,73,67,62,85,58,42,30.19,30.15,30.11,10,10,7,12,3,,0.00,1,,284
1993-8-27,93,80,68,74,68,63,84,57,43,30.12,30.04,29.98,10,5,3,9,4,,0.00,2,Fog,239
1993-8-28,95,84,72,76,70,64,84,65,50,29.99,29.93,29.86,6,4,1,14,6,,0.00,3,Fog,263
1993-8-29,88,78,68,65,61,58,76,54,40,30.07,30.04,29.95,15,10,6,7,4,,0.00,3,,358
1993-8-30,86,74,63,71,65,57,87,66,51,30.14,30.10,30.07,10,8,3,12,4,,0.00,4,Fog,161
1993-8-31,88,76,65,72,67,60,87,67,48,30.09,30.01,29.93,10,8,3,13,5,,0.00,6,Fog,177
1993-9-1,90,80,70,74,68,65,91,68,48,30.04,29.96,29.92,10,5,0,17,7,,0.00,5,Fog,337
1993-9-2,79,74,70,72,68,64,87,78,72,30.15,30.11,30.05,10,5,3,14,8,,0.00,8,Fog,90
1993-9-3,95,84,73,73,71,67,84,65,45,30.06,29.92,29.83,10,8,3,21,12,29,0.00,6,Fog-Rain-Thunderstorm,243
1993-9-4,79,74,68,70,66,62,87,76,64,29.88,29.85,29.83,15,9,4,52,9,,0.00,6,Fog,277
1993-9-5,83,72,61,64,60,55,90,63,41,30.03,29.95,29.88,15,9,7,16,6,,0.00,4,,326
1993-9-6,86,72,57,69,59,53,86,58,40,30.08,30.04,30.01,10,9,6,8,4,,0.00,3,,310
1993-9-7,82,72,61,67,61,55,84,69,58,30.10,30.07,30.05,10,6,4,9,3,,0.00,6,Fog-Rain-Thunderstorm,57
1993-9-8,72,66,61,63,58,54,87,78,53,30.09,30.02,29.93,15,7,0,17,8,,0.00,8,Fog-Rain-Thunderstorm,42
1993-9-9,79,71,63,68,64,59,87,79,66,29.95,29.87,29.78,10,4,0,17,5,,0.00,7,Fog-Rain,183
1993-9-10,79,72,63,67,59,43,90,66,47,29.83,29.70,29.64,10,6,2,14,5,,0.00,5,Fog-Rain-Thunderstorm,281
1993-9-11,68,59,50,45,42,39,66,53,40,30.17,30.03,29.87,20,13,10,17,10,29,0.00,2,,314
1993-9-12,73,58,43,57,47,37,80,57,42,30.31,30.26,30.18,20,13,10,12,4,,0.00,5,,197
1993-9-13,82,72,61,62,57,49,72,59,46,30.33,30.29,30.25,20,12,7,14,8,,0.00,3,,223
1993-9-14,84,72,59,68,63,53,84,67,53,30.29,30.21,30.13,10,8,5,17,10,,0.00,4,Fog,220
1993-9-15,88,77,66,70,66,60,84,66,51,30.13,30.02,29.94,20,9,7,14,10,25,0.00,4,,238
1993-9-16,70,64,57,64,55,52,87,81,78,30.24,30.20,30.08,10,3,1,17,10,,0.00,8,Fog-Rain,53
1993-9-17,64,59,54,59,55,50,87,82,78,30.23,30.18,30.12,7,4,2,12,10,,0.00,8,Fog-Rain,64
1993-9-18,64,62,61,61,58,56,93,86,83,30.12,30.02,29.97,6,3,2,9,6,,0.00,8,Fog-Rain,14
1993-9-19,68,60,50,54,45,36,86,58,45,30.16,30.10,30.00,15,10,5,17,10,23,0.00,2,Fog,353
1993-9-20,64,50,36,41,37,27,67,50,39,30.29,30.21,30.16,15,13,10,12,6,,0.00,5,,52
1993-9-21,63,58,54,59,54,46,87,81,74,30.12,30.05,30.01,6,2,0,12,6,,0.00,8,Fog-Rain,86
1993-9-22,68,62,55,57,54,50,87,76,67,30.17,30.13,30.05,15,11,6,12,6,,0.00,8,Fog,13
1993-9-23,72,63,54,62,57,49,81,74,68,30.16,30.00,29.91,9,3,0,14,4,,0.00,7,Fog-Rain,246
1993-9-24,70,60,50,58,46,42,84,59,45,30.12,30.08,29.94,20,15,3,20,8,,0.00,3,Fog-Rain,342
1993-9-25,72,58,45,60,48,38,90,68,44,30.17,30.11,30.07,15,11,5,12,4,,0.00,6,Fog-Rain,197
1993-9-26,81,68,54,69,61,32,87,74,24,30.05,29.83,29.78,7,4,2,17,9,,0.00,7,Fog-Rain-Thunderstorm,240
1993-9-27,77,67,57,68,59,52,85,80,66,29.89,29.75,29.61,10,6,1,23,8,34,0.00,7,Fog-Rain-Thunderstorm,64
1993-9-28,64,54,45,45,42,37,71,58,46,30.01,29.95,29.88,15,12,10,17,11,,0.00,2,,261
1993-9-29,61,53,43,44,39,35,77,58,46,30.16,30.11,30.02,20,11,10,14,7,,0.00,3,,303
1993-9-30,61,51,41,48,39,33,80,68,56,30.25,30.17,30.12,20,13,7,21,11,,0.00,5,Thunderstorm,357
1993-10-1,63,48,32,48,38,25,82,58,38,30.36,30.27,30.21,15,13,10,17,7,,0.00,1,,237
1993-10-2,70,58,45,52,48,40,80,61,48,30.25,30.10,30.00,15,9,7,17,10,,0.00,2,,209
1993-10-3,61,54,45,50,41,32,86,58,36,30.07,30.01,29.97,15,9,5,17,10,29,0.00,3,Fog-Rain,298
1993-10-4,70,56,43,46,42,33,73,53,38,29.99,29.90,29.81,20,15,10,23,12,23,0.00,0,,241
1993-10-5,61,51,41,44,32,26,62,46,35,30.40,30.22,29.85,20,16,10,17,11,,0.00,1,,360
1993-10-6,65,50,34,48,37,27,78,56,38,30.53,30.47,30.42,20,13,10,12,6,,0.00,0,,249
1993-10-7,72,58,43,56,49,35,80,65,55,30.42,30.25,30.16,10,9,5,17,7,,0.00,2,,245
1993-10-8,72,62,52,60,53,45,81,73,61,30.16,30.02,29.87,15,6,0,14,4,,0.00,6,Fog,227
1993-10-9,77,64,50,61,55,45,93,67,54,29.84,29.72,29.63,15,6,0,17,7,25,0.00,4,Fog,254
1993-10-10,59,48,36,48,28,20,66,50,40,30.28,30.09,29.76,10,10,10,17,15,25,0.00,3,,5
1993-10-11,54,42,30,31,26,19,65,50,38,30.36,30.27,30.15,20,14,10,17,9,,0.00,3,,75
1993-10-12,52,48,43,46,42,31,83,79,62,30.12,29.79,29.67,15,6,1,17,14,,0.00,7,Fog-Rain,10
1993-10-13,56,48,37,41,33,25,80,57,41,30.28,30.10,29.84,20,12,5,17,10,,0.00,3,Fog,344
1993-10-14,54,45,36,44,36,23,77,66,59,30.39,30.31,30.27,20,11,7,12,5,,0.00,7,,92
1993-10-15,66,56,45,53,45,34,80,68,49,30.35,30.31,30.28,10,7,4,9,4,,0.00,5,Fog,333
1993-10-16,70,54,39,56,48,32,84,68,52,30.31,30.21,30.12,10,6,0,14,5,,0.00,5,Fog,151
1993-10-17,65,60,54,59,55,48,84,80,75,30.09,29.89,29.76,7,4,0,12,5,,0.00,8,Fog-Rain,139
1993-10-18,68,61,52,56,44,38,83,56,36,30.13,29.95,29.74,20,15,3,18,10,,0.00,3,Fog,333
1993-10-19,59,50,41,44,41,32,77,61,51,30.36,30.26,30.15,20,10,5,15,7,,0.00,7,Fog-Rain,116
1993-10-20,57,54,52,53,50,44,83,80,74,30.23,30.20,30.18,10,3,1,17,11,,0.00,8,Fog-Rain,69
1993-10-21,75,65,54,66,56,35,90,75,47,30.13,29.97,29.88,10,4,0,23,12,34,0.00,7,Fog-Rain-Thunderstorm,278
1993-10-22,59,52,45,36,33,30,61,49,42,30.25,30.21,30.17,15,15,10,23,13,,0.00,3,,306
1993-10-23,57,46,36,34,30,25,70,53,39,30.36,30.32,30.26,20,18,15,12,5,,0.00,1,,317
1993-10-24,64,48,32,42,35,22,82,54,38,30.34,30.20,30.11,20,11,5,21,6,,0.00,2,,244
1993-10-25,73,56,39,51,41,32,80,57,40,30.21,30.14,30.10,15,13,10,7,4,,0.00,1,,243
1993-10-26,55,52,50,46,44,37,74,69,61,30.28,30.22,30.12,15,9,7,21,13,,0.00,7,Rain,96
1993-10-27,64,56,48,50,44,40,74,67,58,29.94,29.81,29.70,10,9,7,17,11,,0.00,6,Rain,352
1993-10-28,54,46,38,47,31,24,77,52,43,29.82,29.75,29.70,15,12,7,21,12,,0.00,4,,296
1993-10-29,63,50,36,36,31,26,73,44,30,29.84,29.82,29.78,15,10,10,17,8,,0.00,3,,230
1993-10-30,50,46,43,39,37,32,80,72,50,29.89,29.71,29.53,10,5,2,23,11,25,0.00,8,Fog-Rain,49
1993-10-31,43,42,41,37,35,34,82,77,76,29.66,29.58,29.46,10,4,1,17,14,,0.00,8,Fog-Rain,54
1993-11-1,41,38,36,33,26,21,76,59,48,30.15,29.84,29.50,20,10,9,29,17,40,0.00,7,Rain,308
1993-11-2,50,40,30,27,22,18,64,49,36,30.43,30.40,30.19,20,16,10,17,11,,0.00,2,,313
1993-11-3,48,40,32,33,29,21,76,61,50,30.39,30.19,30.10,15,10,10,15,4,,0.00,6,,239
1993-11-4,56,43,30,39,33,21,76,59,47,30.20,30.13,30.06,15,9,5,12,8,,0.00,5,,233
1993-11-5,59,51,43,54,50,34,83,79,68,30.04,29.73,29.58,10,4,2,20,10,,0.00,8,Fog-Rain,211
1993-11-6,59,50,39,54,33,27,83,59,54,29.83,29.75,29.58,15,11,4,23,11,34,0.00,6,Fog-Rain,298
1993-11-7,41,34,25,29,21,13,65,55,48,30.36,30.18,29.85,20,14,10,14,8,,0.00,3,,326
1993-11-8,47,34,21,31,22,13,78,58,44,30.51,30.47,30.37,20,12,10,12,5,,0.00,3,,274
1993-11-9,52,38,23,39,26,14,78,58,44,30.47,30.40,30.35,20,9,7,8,4,,0.00,4,,314
1993-11-10,57,42,28,35,27,19,70,51,42,30.33,30.27,30.23,15,10,7,17,6,,0.00,3,,355
1993-11-11,59,43,27,38,30,17,79,56,39,30.30,30.21,30.14,10,7,5,17,7,,0.00,3,,235
1993-11-12,63,52,41,38,33,25,58,48,38,30.34,30.18,30.06,10,9,6,17,11,29,0.00,3,,318
1993-11-13,59,48,38,48,39,26,77,67,60,30.38,30.28,30.13,10,8,3,17,10,,0.00,7,Fog-Rain,124
1993-11-14,72,61,50,59,53,32,89,71,25,30.13,30.03,29.92,15,8,3,12,4,,0.00,5,Fog-Rain,226
1993-11-15,77,68,55,60,53,41,80,57,48,30.17,29.97,29.90,20,12,6,23,13,40,0.00,4,,286
1993-11-16,61,51,39,42,36,30,70,57,46,30.42,30.37,30.19,10,10,7,13,7,,0.00,3,,279
1993-11-17,61,53,45,55,47,38,81,77,71,30.29,30.01,29.75,10,4,0,21,5,,0.00,8,Fog-Rain,207
1993-11-18,55,46,34,50,29,21,80,50,41,30.29,30.23,29.81,15,12,10,23,11,,0.00,5,,28
1993-11-19,59,46,34,50,41,22,72,67,47,30.25,29.86,29.61,15,9,7,14,6,,0.00,7,,139
1993-11-20,48,40,30,37,21,9,73,46,31,30.08,29.77,29.55,15,11,7,25,16,34,0.00,3,,304
1993-11-21,47,36,25,23,19,11,58,47,38,30.39,30.32,30.10,15,14,10,17,9,,0.00,1,,243
1993-11-22,56,42,27,36,28,16,67,51,42,30.40,30.35,30.29,15,12,7,14,5,,0.00,1,,231
1993-11-23,59,44,29,38,30,22,72,54,39,30.39,30.31,30.22,20,10,8,12,5,,0.00,4,,92
1993-11-24,55,46,37,47,37,29,79,65,52,30.23,30.11,30.03,10,7,0,17,5,,0.00,6,Fog,1
1993-11-25,37,29,21,18,11,4,50,44,40,30.60,30.57,30.51,20,15,15,14,10,29,0.00,2,,52
1993-11-26,45,30,16,29,19,4,72,56,48,30.58,30.52,30.47,20,14,10,9,2,,0.00,5,,98
1993-11-27,59,46,32,49,40,20,77,65,60,30.53,30.32,30.08,10,10,10,21,13,29,0.00,7,,113
1993-11-28,63,53,41,58,48,25,84,74,51,30.05,29.72,29.58,20,9,0,28,18,40,0.00,7,Fog-Rain,238
1993-11-29,46,38,30,31,23,17,64,53,44,30.52,30.13,29.92,20,13,10,17,10,,0.00,2,,289
1993-11-30,41,34,28,24,19,14,75,54,43,30.74,30.58,30.39,15,13,10,21,11,,0.00,1,,346
1993-12-1,45,36,27,32,22,14,79,55,48,30.83,30.76,30.68,15,15,10,15,8,,0.00,5,,28
1993-12-2,52,42,32,38,32,21,71,63,52,30.67,30.46,30.32,15,10,7,10,6,,0.00,6,,229
1993-12-3,55,46,37,42,34,29,96,65,45,30.32,30.25,30.20,20,7,0,16,5,,0.00,3,Fog,325
1993-12-4,52,46,41,49,39,29,89,75,62,30.23,29.98,29.71,15,7,2,14,8,,0.00,8,Fog-Rain,128
1993-12-5,57,49,39,52,41,28,86,74,60,29.71,29.46,29.27,10,6,3,23,12,34,0.00,7,Fog-Rain,23
1993-12-6,47,38,30,36,29,23,79,63,53,29.92,29.87,29.73,20,12,10,15,8,,0.00,3,,263
1993-12-7,50,44,37,33,30,27,65,57,50,30.20,30.15,29.89,20,14,10,17,9,,0.00,5,,294
1993-12-8,50,41,32,35,27,19,67,58,48,30.20,30.16,30.11,15,12,10,12,4,,0.00,4,,335
1993-12-9,47,36,25,39,27,16,82,62,44,30.28,30.21,30.16,15,8,6,12,7,,0.00,3,Fog,249
1993-12-10,54,44,34,43,37,24,77,66,51,30.14,29.81,29.58,10,6,3,20,10,,0.00,8,Fog-Rain,203
1993-12-11,50,36,23,43,18,5,77,53,44,29.68,29.56,29.46,15,12,2,23,16,40,0.00,6,Fog-Rain,335
1993-12-12,36,28,21,12,7,4,50,40,29,29.96,29.84,29.69,15,15,15,23,19,40,0.00,1,,345
1993-12-13,50,38,27,23,16,7,57,38,30,30.06,30.01,29.97,15,15,10,21,14,34,0.00,1,,354
1993-12-14,48,41,34,36,26,15,63,50,41,29.99,29.85,29.73,15,12,10,14,10,,0.00,5,,2
1993-12-15,47,43,39,37,35,31,79,71,60,29.71,29.61,29.55,15,7,3,21,13,,0.00,8,Fog-Rain,46
1993-12-16,50,41,32,35,28,16,65,56,51,30.16,29.90,29.70,20,15,10,23,17,25,0.00,4,,21
1993-12-17,41,32,23,23,15,8,62,51,42,30.36,30.29,30.18,20,18,10,12,8,,0.00,2,,15
1993-12-18,41,32,23,32,25,11,73,67,58,30.26,30.09,29.94,20,6,4,8,3,,0.00,7,Fog-Rain,167
1993-12-19,43,38,34,32,28,21,73,66,50,30.04,29.90,29.82,15,8,4,23,9,,0.00,6,Fog-Rain,296
1993-12-20,43,36,29,32,28,21,79,68,60,30.14,30.05,29.93,15,6,3,12,5,,0.00,7,Rain,157
1993-12-21,52,44,34,45,31,18,83,66,48,29.88,29.34,29.14,10,6,2,29,16,39,0.00,7,Fog-Rain,273
1993-12-22,38,34,30,18,16,14,54,48,39,29.93,29.84,29.58,20,14,10,21,15,29,0.00,5,,274
1993-12-23,37,31,23,22,17,10,61,54,45,30.12,30.00,29.92,20,11,7,16,7,,0.00,5,,357
1993-12-24,34,24,14,20,14,2,64,55,46,30.18,30.06,29.93,20,10,2,12,6,,0.00,6,Snow,190
1993-12-25,32,25,18,22,18,9,75,65,58,29.90,29.66,29.52,10,6,2,9,2,,0.00,7,Fog-Snow,213
1993-12-26,29,22,14,21,-2,-6,69,39,32,30.21,29.93,29.52,15,12,3,23,17,34,0.00,4,Fog-Rain,299
1993-12-27,19,14,10,3,-3,-7,52,43,37,30.46,30.41,30.21,20,13,7,17,6,,0.00,7,Snow,354
1993-12-28,25,17,9,6,3,0,73,45,39,30.47,30.40,30.36,15,11,10,14,8,,0.00,8,,5
1993-12-29,21,16,11,11,6,-3,68,57,45,30.36,30.05,29.76,15,6,1,17,11,,0.00,7,Fog-Snow,43
1993-12-30,23,20,18,11,1,-2,68,43,34,30.24,30.06,29.76,15,13,3,23,16,40,0.00,2,Fog-Snow,303
1993-12-31,30,20,9,12,6,-7,57,47,41,30.38,30.30,30.23,15,11,10,14,9,25,0.00,5,,261