EST,Max TemperatureF,Mean TemperatureF,Min TemperatureF,Max Dew PointF,MeanDew PointF,Min DewpointF,Max Humidity, Mean Humidity, Min Humidity, Max Sea Level PressureIn, Mean Sea Level PressureIn, Min Sea Level PressureIn, Max VisibilityMiles, Mean VisibilityMiles, Min VisibilityMiles, Max Wind SpeedMPH, Mean Wind SpeedMPH, Max Gust SpeedMPH,PrecipitationIn, CloudCover, Events, WindDirDegrees
2010-1-1,42,38,33,34,30,21,96,76,56,30.00,29.90,29.75,10,5,1,16,5,23,0.06,8,Rain,325
2010-1-2,33,27,20,21,11,4,64,53,42,29.76,29.72,29.67,10,10,10,28,15,39,0.00,4,,337
2010-1-3,27,23,19,11,7,4,55,49,42,29.70,29.61,29.53,10,10,9,28,17,41,T,4,,331
2010-1-4,32,27,21,16,11,8,60,54,47,29.78,29.74,29.70,10,10,10,23,12,29,0.00,1,,343
2010-1-5,32,26,20,16,13,11,68,56,43,29.79,29.75,29.70,10,10,10,18,9,25,0.00,3,,327
2010-1-6,36,32,28,19,17,14,63,55,47,29.83,29.75,29.70,10,10,10,22,11,31,0.00,6,,337
2010-1-7,40,35,30,22,20,18,63,56,48,29.94,29.88,29.83,10,10,10,16,9,23,0.00,1,,320
2010-1-8,32,27,22,27,23,9,92,73,54,29.92,29.78,29.69,10,5,2,20,8,26,0.03,7,Snow,300
2010-1-9,31,24,17,10,7,1,62,48,34,30.21,30.08,29.94,10,10,10,20,10,25,0.00,0,,347
2010-1-10,30,22,13,8,4,0,59,47,35,30.30,30.24,30.20,10,10,10,17,7,21,0.00,0,,335
2010-1-11,33,25,17,14,11,9,67,55,43,30.21,30.14,30.08,10,10,10,12,5,17,0.00,1,,292
2010-1-12,36,31,26,21,16,11,75,61,47,30.17,30.08,30.01,10,10,10,20,10,25,0.00,4,,337
2010-1-13,37,31,25,19,15,10,68,56,44,30.24,30.18,30.14,10,10,10,18,7,26,0.00,2,,314
2010-1-14,46,34,21,21,20,17,74,57,39,30.27,30.21,30.19,10,9,6,9,2,12,0.00,0,,302
2010-1-15,52,38,23,31,25,19,81,61,41,30.21,30.15,30.08,10,9,7,16,5,23,0.00,4,,301
2010-1-16,52,43,34,33,30,27,85,66,46,30.22,30.17,30.11,10,9,4,16,6,23,0.00,3,,295
2010-1-17,42,37,31,39,35,29,92,84,76,30.10,29.87,29.47,5,3,2,25,9,33,0.58,5,Rain,86
2010-1-18,54,45,36,38,36,33,92,73,54,29.93,29.72,29.47,10,9,6,17,8,24,0.01,4,Rain,3
2010-1-19,50,39,28,38,30,27,100,78,56,29.94,29.90,29.81,10,4,0,13,3,18,0.00,3,Fog,332
2010-1-20,44,37,29,26,23,20,78,61,43,30.08,29.96,29.88,10,10,9,18,6,24,0.00,1,,340
2010-1-21,43,34,24,24,22,20,81,62,43,30.24,30.15,30.08,10,10,10,8,3,12,0.00,0,,22
2010-1-22,46,39,31,24,20,17,72,53,33,30.09,29.95,29.85,10,10,10,15,7,20,0.00,0,,38
2010-1-23,43,35,26,22,18,12,75,53,30,30.29,30.23,30.09,10,10,10,13,4,15,0.00,0,,58
2010-1-24,54,41,27,50,33,21,92,84,75,30.25,30.08,29.79,10,9,4,13,4,17,0.03,7,Rain,97
2010-1-25,62,54,46,59,52,33,93,77,60,29.76,29.42,29.19,10,6,2,32,14,48,1.62,7,Rain,201
2010-1-26,47,41,34,30,25,19,76,60,43,29.87,29.68,29.45,10,10,10,21,8,31,T,4,,294
2010-1-27,39,34,29,21,19,16,69,59,48,30.15,30.06,29.89,10,10,10,18,7,25,0.00,1,,301
2010-1-28,45,33,20,28,18,-4,82,56,29,30.21,30.05,29.87,10,9,2,26,9,41,T,4,Snow,303
2010-1-29,25,21,17,3,0,-4,49,42,35,30.34,30.28,30.21,10,10,10,21,10,32,0.00,0,,332
2010-1-30,20,18,16,9,1,-4,67,53,39,30.31,30.13,29.96,10,8,2,15,8,22,T,5,Snow,23
2010-1-31,31,23,15,7,1,-4,51,40,28,30.13,30.08,29.96,10,10,10,15,7,20,0.00,0,,318
2010-2-1,36,29,21,14,10,7,57,46,35,30.31,30.23,30.13,10,10,10,15,7,22,0.00,0,,288
2010-2-2,36,29,21,28,17,10,72,55,38,30.26,30.18,30.06,10,9,2,9,5,12,T,5,Snow,67
2010-2-3,40,35,30,29,27,20,92,76,59,30.18,30.05,30.01,10,5,2,13,4,18,0.03,7,Snow,347
2010-2-4,40,34,28,21,14,10,63,47,30,30.38,30.31,30.18,10,10,10,17,6,23,0.00,0,,330
2010-2-5,37,32,27,27,19,14,85,65,44,30.31,30.12,29.89,10,7,1,14,2,17,0.07,3,Snow,86
2010-2-6,30,25,19,27,19,5,85,66,46,29.90,29.72,29.61,10,3,0,25,14,33,0.12,7,Fog-Snow,57
2010-2-7,35,25,14,13,9,3,64,51,38,29.96,29.89,29.81,10,10,10,17,9,23,0.00,0,,345
2010-2-8,36,28,19,15,12,8,62,51,40,30.05,29.99,29.96,10,10,10,18,9,24,0.00,0,,305
2010-2-9,39,31,22,30,22,13,85,65,44,30.10,29.94,29.75,10,6,1,10,4,14,0.20,4,Snow,273
2010-2-10,34,32,30,32,30,27,96,91,85,29.69,29.26,29.07,10,3,0,24,15,31,1.20,8,Fog-Rain-Snow,36
2010-2-11,38,33,28,27,19,16,75,60,44,29.76,29.61,29.38,10,10,8,21,11,33,T,1,,334
2010-2-12,36,28,19,17,15,12,71,58,44,29.88,29.82,29.77,10,10,10,14,7,21,0.00,0,,322
2010-2-13,32,27,21,15,14,13,68,56,43,29.77,29.61,29.54,10,10,10,20,8,28,0.00,1,,335
2010-2-14,37,31,24,21,18,12,63,57,51,29.76,29.64,29.55,10,10,10,20,11,30,0.00,4,,299
2010-2-15,39,32,24,30,23,11,92,62,32,29.84,29.71,29.59,10,6,1,14,6,20,0.07,5,Snow,154
2010-2-16,36,33,29,30,26,17,92,72,51,29.61,29.51,29.43,10,5,0,22,10,32,0.10,7,Fog-Snow,331
2010-2-17,36,30,24,23,19,15,72,62,51,29.64,29.58,29.53,10,10,9,16,10,23,T,4,,295
2010-2-18,44,38,31,26,23,21,69,55,41,29.70,29.61,29.53,10,10,10,22,11,30,0.00,6,,316
2010-2-19,45,40,35,24,23,21,59,52,45,29.91,29.80,29.71,10,10,10,22,12,30,0.00,3,,312
2010-2-20,42,38,33,26,23,19,64,54,43,30.00,29.96,29.93,10,10,10,18,8,28,0.00,0,,314
2010-2-21,46,39,31,21,19,17,59,45,31,30.01,29.97,29.92,10,10,10,17,8,25,0.00,0,,313
2010-2-22,41,33,25,32,23,15,82,65,48,29.98,29.91,29.83,10,8,2,15,5,20,0.09,5,Rain-Snow,87
2010-2-23,38,37,35,36,34,32,92,89,85,29.84,29.75,29.70,10,6,2,22,13,26,0.72,8,Rain,66
2010-2-24,44,40,36,36,34,31,92,79,65,29.76,29.73,29.66,10,8,2,14,7,17,0.01,8,Rain,347
2010-2-25,38,33,28,34,29,23,96,84,72,29.66,29.38,29.11,10,2,0,23,10,35,0.40,8,Fog-Rain-Snow,325
2010-2-26,38,32,25,23,21,19,88,71,54,29.46,29.18,29.03,10,4,0,25,14,37,0.30,7,Fog-Rain-Snow,305
2010-2-27,41,34,27,28,25,19,78,67,55,29.62,29.53,29.44,10,10,8,12,7,18,T,6,,279
2010-2-28,41,36,31,32,28,25,89,72,55,29.70,29.62,29.56,10,8,2,15,5,23,T,6,Rain-Snow,300
2010-3-1,48,41,34,28,26,23,70,58,45,29.89,29.77,29.69,10,10,10,24,13,33,0.00,0,,339
2010-3-2,47,40,32,34,30,25,85,67,49,29.93,29.83,29.71,10,10,6,12,5,14,0.02,5,Rain,49
2010-3-3,42,39,35,34,32,29,89,75,60,29.73,29.61,29.54,10,10,6,20,10,26,0.02,8,Rain-Snow,43
2010-3-4,46,40,34,29,23,17,70,52,33,29.86,29.71,29.61,10,10,10,16,9,23,0.00,6,,355
2010-3-5,50,43,35,26,20,17,59,44,29,30.09,29.96,29.87,10,10,10,16,9,21,0.00,3,,4
2010-3-6,55,43,30,17,13,9,53,36,19,30.17,30.11,30.07,10,10,10,15,8,21,0.00,0,,351
2010-3-7,46,40,34,27,19,11,70,52,33,30.12,30.03,29.95,10,10,10,16,9,23,0.00,0,,315
2010-3-8,61,49,37,28,24,18,49,39,28,29.95,29.90,29.83,10,10,10,16,7,22,0.00,0,,313
2010-3-9,62,50,38,29,26,23,53,40,27,29.99,29.95,29.90,10,10,10,14,5,17,0.00,0,,321
2010-3-10,60,47,33,36,32,27,75,54,33,30.02,29.98,29.95,10,10,10,13,5,15,0.00,3,,105
2010-3-11,60,52,43,46,42,37,93,77,60,30.05,30.02,29.98,10,7,2,15,6,18,0.00,8,,91
2010-3-12,46,45,43,43,41,39,96,90,83,30.06,30.02,29.92,10,5,2,26,15,37,0.36,8,Rain,89
2010-3-13,50,46,41,46,43,40,93,88,83,29.91,29.64,29.39,8,4,1,38,24,63,1.58,8,Rain,94
2010-3-14,52,48,43,48,45,40,89,86,82,29.58,29.53,29.49,10,6,2,17,14,25,0.51,8,Rain,60
2010-3-15,47,45,42,41,39,37,89,80,71,29.83,29.63,29.50,10,8,3,17,11,24,0.18,8,Rain,27
2010-3-16,64,53,41,37,27,22,82,51,20,30.00,29.92,29.83,10,10,10,20,7,26,0.00,3,,39
2010-3-17,66,50,33,30,25,17,82,49,16,30.04,29.97,29.90,10,10,10,10,3,15,0.00,0,,299
2010-3-18,69,52,34,35,27,21,75,46,17,29.89,29.80,29.73,10,10,10,13,3,17,0.00,0,,306
2010-3-19,72,55,38,35,31,27,76,49,22,29.89,29.83,29.77,10,10,10,15,5,21,0.00,0,,286
2010-3-20,75,60,44,41,35,31,70,45,20,30.03,29.97,29.91,10,10,10,16,5,22,0.00,0,,276
2010-3-21,76,62,47,47,40,35,61,44,27,30.07,30.01,29.95,10,10,10,16,6,21,0.00,1,,177
2010-3-22,61,58,55,58,55,47,93,78,62,30.00,29.83,29.62,10,6,2,14,7,17,1.20,7,Rain-Thunderstorm,147
2010-3-23,57,52,47,55,47,37,93,80,66,29.64,29.55,29.46,10,7,2,24,6,31,0.03,7,Rain,169
2010-3-24,64,53,42,37,29,21,66,43,19,30.00,29.82,29.62,10,10,10,24,11,33,0.00,3,,334
2010-3-25,68,52,36,47,37,28,82,61,39,30.01,29.85,29.60,10,10,10,23,7,31,0.01,1,Rain,211
2010-3-26,57,45,33,50,35,13,89,62,34,30.10,29.75,29.59,10,10,7,20,11,25,0.09,5,Rain,19
2010-3-27,47,38,28,25,15,7,69,47,25,30.40,30.33,30.14,10,10,10,15,8,18,0.00,0,,104
2010-3-28,56,43,29,48,37,24,89,75,61,30.39,30.18,29.90,10,9,5,21,10,28,0.66,6,Rain,148
2010-3-29,57,55,52,54,52,48,96,90,83,29.92,29.74,29.65,10,7,2,15,7,21,1.00,8,Rain,160
2010-3-30,52,46,40,50,40,37,89,86,82,29.68,29.49,29.40,10,6,2,30,15,46,1.75,8,Rain,352
2010-3-31,61,52,43,44,41,37,83,68,53,29.99,29.76,29.53,10,10,10,20,10,26,T,4,Rain,358
2010-4-1,73,57,41,49,44,38,89,65,41,30.12,30.05,30.01,10,10,10,10,4,15,0.00,0,,230
2010-4-2,74,58,42,50,46,40,96,69,41,30.19,30.14,30.09,10,10,7,13,5,16,0.00,0,,196
2010-4-3,73,59,45,50,46,42,93,69,44,30.17,30.11,30.01,10,8,0,16,5,21,0.00,2,Fog,189
2010-4-4,75,62,49,50,45,38,93,60,27,30.15,30.09,30.04,10,8,0,17,4,22,0.00,2,Fog,339
2010-4-5,80,65,50,56,49,40,80,58,35,30.14,30.03,29.92,10,10,10,21,6,26,0.00,0,,231
2010-4-6,87,72,57,60,56,53,86,59,31,29.95,29.82,29.71,10,9,5,20,6,28,0.01,1,Rain,254
2010-4-7,89,77,64,54,49,45,63,43,22,29.75,29.69,29.65,10,10,10,20,7,26,0.00,0,,252
2010-4-8,84,73,62,60,55,51,78,59,39,29.70,29.62,29.53,10,10,10,25,10,35,0.18,1,,233
2010-4-9,63,54,44,61,45,24,93,66,38,29.94,29.71,29.63,10,8,2,24,11,33,0.37,7,Rain,313
2010-4-10,61,52,43,31,27,21,53,39,25,30.25,30.16,29.97,10,10,10,20,10,28,0.00,2,,307
2010-4-11,74,58,42,49,38,33,72,51,29,30.24,30.19,30.11,10,10,10,16,6,21,T,2,,286
2010-4-12,66,55,44,39,29,25,65,44,22,30.36,30.30,30.22,10,10,10,17,6,24,0.00,0,,5
2010-4-13,54,48,41,44,36,27,89,62,35,30.51,30.46,30.36,10,10,8,13,3,26,0.02,4,Rain,36
2010-4-14,65,51,37,41,34,25,92,57,22,30.56,30.47,30.36,10,8,3,12,5,17,0.00,0,,294
2010-4-15,73,59,45,42,36,31,61,42,23,30.36,30.24,30.11,10,10,10,14,5,21,0.00,1,,304
2010-4-16,65,57,48,50,45,42,93,75,56,30.11,29.91,29.71,10,10,7,18,7,22,0.13,5,Rain,93
2010-4-17,59,52,45,49,40,30,100,70,40,29.90,29.74,29.66,10,7,0,21,8,28,0.01,7,Fog,326
2010-4-18,57,48,39,35,32,30,70,57,43,29.96,29.90,29.85,10,10,10,17,8,24,0.00,3,,320
2010-4-19,65,54,43,36,34,32,70,51,31,29.99,29.95,29.90,10,10,10,18,8,25,0.00,1,,348
2010-4-20,70,56,41,42,38,35,76,54,31,30.00,29.93,29.86,10,10,10,13,4,21,0.00,1,,305
2010-4-21,69,57,45,52,47,40,96,71,45,29.88,29.79,29.74,10,8,2,16,4,21,0.12,2,Rain,229
2010-4-22,73,61,48,51,47,36,96,64,32,29.77,29.73,29.64,10,4,0,20,5,29,0.01,4,Fog-Rain,293
2010-4-23,68,56,44,34,30,27,58,40,22,29.99,29.87,29.78,10,10,10,18,8,28,0.00,0,,354
2010-4-24,70,55,40,37,30,24,57,40,22,30.12,30.02,29.89,10,10,10,16,5,22,0.01,2,Rain,253
2010-4-25,51,49,47,48,46,43,93,87,80,29.88,29.59,29.39,10,5,2,17,8,21,1.14,8,Rain-Thunderstorm,94
2010-4-26,54,52,50,52,48,46,93,88,83,29.41,29.31,29.24,10,8,3,10,6,15,0.50,8,Rain,97
2010-4-27,60,50,39,49,41,22,93,64,34,29.58,29.35,29.24,10,9,4,24,9,33,0.01,6,,359
2010-4-28,60,50,39,31,26,20,59,44,28,29.78,29.62,29.55,10,10,10,24,11,36,0.00,2,,321
2010-4-29,70,57,44,34,28,24,49,36,22,29.89,29.81,29.75,10,10,10,24,10,38,0.00,0,,294
2010-4-30,80,64,47,49,42,34,71,50,28,29.90,29.82,29.74,10,10,10,15,5,21,0.00,1,,271
2010-5-1,91,74,56,60,53,49,80,52,24,29.84,29.80,29.76,10,10,9,14,4,16,0.00,0,,244
2010-5-2,88,78,68,69,66,60,84,65,46,29.83,29.79,29.75,10,10,8,15,7,22,T,0,,248
2010-5-3,82,76,69,70,66,56,90,68,45,29.78,29.73,29.67,10,9,2,25,8,41,0.39,5,Rain-Thunderstorm,266
2010-5-4,81,70,58,59,52,48,73,53,33,29.86,29.79,29.72,10,10,10,30,6,40,T,2,Rain,304
2010-5-5,86,69,51,53,49,44,89,59,28,29.98,29.91,29.85,10,10,10,20,6,25,0.00,0,,234
2010-5-6,79,69,58,61,49,38,93,59,25,29.93,29.77,29.71,10,9,4,20,9,28,0.00,0,,285
2010-5-7,73,60,47,48,42,38,80,57,33,30.04,29.93,29.75,10,10,10,15,5,20,0.00,0,,275
2010-5-8,77,64,50,59,44,31,77,51,25,29.78,29.59,29.47,10,10,10,30,13,44,T,2,Rain,295
2010-5-9,57,49,40,33,28,26,56,46,35,30.14,29.97,29.80,10,10,10,24,13,36,0.00,4,,325
2010-5-10,62,51,39,31,26,19,70,45,20,30.37,30.24,30.16,10,10,10,21,9,30,0.00,1,,342
2010-5-11,57,47,37,44,32,25,86,60,33,30.43,30.37,30.23,10,10,8,13,6,17,0.14,2,Rain,207
2010-5-12,51,49,46,48,45,43,93,90,86,30.24,30.16,30.09,10,7,2,14,8,18,0.53,8,Rain,93
2010-5-13,68,55,42,46,42,37,96,67,37,30.33,30.26,30.20,10,10,7,14,6,18,0.00,2,,291
2010-5-14,82,69,56,66,59,41,90,73,55,30.21,30.06,29.94,10,8,0,31,9,43,0.89,5,Fog-Rain,268
2010-5-15,74,65,56,65,49,43,84,59,33,30.11,30.03,29.92,10,10,10,20,9,26,0.00,0,,327
2010-5-16,72,63,54,47,45,42,72,54,35,30.16,30.12,30.06,10,10,10,15,6,21,0.00,1,,4
2010-5-17,71,61,51,49,42,35,89,60,31,30.18,30.14,30.10,10,10,10,13,3,17,T,1,Rain,211
2010-5-18,57,54,50,49,47,43,89,73,57,30.09,29.97,29.83,10,4,2,22,12,30,0.94,8,Rain,76
2010-5-19,65,59,52,52,51,48,96,80,63,29.89,29.85,29.81,10,9,5,13,5,16,0.00,8,,332
2010-5-20,80,68,55,54,52,50,86,61,36,30.01,29.95,29.89,10,10,10,9,3,13,0.00,2,,307
2010-5-21,86,72,58,58,55,51,80,57,34,30.13,30.08,30.01,10,10,10,12,4,16,0.00,0,,132
2010-5-22,75,67,58,63,59,55,93,77,60,30.22,30.17,30.13,10,8,2,20,7,24,T,5,Rain,124
2010-5-23,71,66,60,63,60,57,97,85,73,30.21,30.17,30.14,10,6,0,14,9,18,0.09,8,Fog-Rain,88
2010-5-24,74,68,61,65,62,59,93,83,73,30.28,30.22,30.17,10,6,1,14,7,17,0.03,7,Rain,89
2010-5-25,84,74,63,64,62,59,100,74,47,30.26,30.18,30.04,10,6,0,9,3,15,0.00,5,Fog,24
2010-5-26,91,76,61,67,62,56,84,61,38,30.03,29.85,29.71,10,10,10,12,4,20,0.00,0,,329
2010-5-27,81,69,57,66,62,52,93,74,55,29.89,29.81,29.70,10,9,2,17,8,22,0.35,3,Rain-Thunderstorm,113
2010-5-28,73,65,57,58,55,52,93,73,53,29.97,29.94,29.90,10,10,10,12,5,14,0.01,5,,182
2010-5-29,79,71,62,65,60,54,93,76,58,29.98,29.92,29.82,10,9,2,10,4,14,0.08,7,Rain,220
2010-5-30,86,77,68,66,60,55,90,64,37,29.93,29.88,29.83,10,9,5,15,6,21,0.00,2,,330
2010-5-31,91,78,64,70,65,58,82,64,46,29.99,29.93,29.88,10,9,1,32,4,41,0.16,1,Rain-Thunderstorm,204
2010-6-1,84,77,69,71,67,65,90,73,55,29.88,29.80,29.73,10,9,2,20,7,30,0.13,2,Rain,270
2010-6-2,87,77,66,69,64,57,90,67,43,29.87,29.80,29.72,10,10,8,13,5,16,0.00,1,,156
2010-6-3,88,79,69,72,66,62,93,69,45,29.74,29.70,29.65,10,8,2,15,6,21,0.03,1,Rain,266
2010-6-4,88,78,67,68,66,65,90,69,48,29.82,29.78,29.73,10,10,6,9,4,14,0.00,1,,268
2010-6-5,89,82,74,70,67,66,84,67,50,29.75,29.70,29.66,10,9,5,16,7,23,0.00,1,,280
2010-6-6,90,76,61,71,64,49,84,67,50,29.68,29.53,29.40,10,10,7,23,11,36,0.00,0,,279
2010-6-7,75,64,53,50,46,44,77,55,33,29.94,29.83,29.70,10,10,10,14,6,20,0.00,2,,348
2010-6-8,76,65,54,49,43,38,72,50,27,30.13,30.04,29.94,10,10,10,20,7,24,0.00,1,,346
2010-6-9,68,60,51,58,53,44,93,73,53,30.15,29.97,29.82,10,8,2,16,6,25,0.52,6,Rain,163
2010-6-10,83,71,59,64,59,51,100,74,47,29.97,29.84,29.79,10,6,0,12,5,18,0.00,6,Fog,357
2010-6-11,78,67,56,60,55,50,84,66,47,30.16,30.10,29.98,10,10,10,13,4,16,0.00,1,,207
2010-6-12,86,74,61,69,62,57,93,74,54,30.15,30.05,29.89,10,8,5,16,8,22,0.00,3,,213
2010-6-13,87,77,67,76,70,64,93,79,65,29.87,29.82,29.77,10,6,2,13,3,15,0.18,4,Rain,94
2010-6-14,83,75,66,68,65,63,93,78,62,29.88,29.85,29.80,10,6,2,10,3,15,T,7,Rain,290
2010-6-15,80,71,62,64,54,46,87,60,32,30.13,30.03,29.90,10,10,10,16,7,20,0.00,0,,97
2010-6-16,80,71,61,70,64,56,84,73,62,30.13,30.00,29.85,10,10,8,15,6,24,0.04,7,Rain,205
2010-6-17,79,71,62,70,60,54,90,68,45,30.02,29.88,29.80,10,9,4,23,10,31,0.01,3,Rain,329
2010-6-18,85,72,58,58,55,50,87,62,37,30.10,30.06,30.01,10,10,10,13,4,17,0.00,0,,345
2010-6-19,89,75,60,68,63,55,90,68,45,30.09,30.02,29.92,10,10,6,15,5,20,0.00,1,,227
2010-6-20,93,82,70,71,67,61,90,62,33,29.92,29.88,29.82,10,9,6,16,6,21,T,1,,286
2010-6-21,90,80,70,64,62,60,69,54,38,30.06,29.99,29.92,10,10,10,14,6,18,0.00,0,Rain,350
2010-6-22,90,80,69,71,64,59,87,65,43,30.11,30.03,29.96,10,9,6,16,5,21,0.04,1,Rain,201
2010-6-23,93,81,68,70,67,64,97,69,41,29.99,29.93,29.85,10,7,2,16,6,25,0.00,0,,310
2010-6-24,97,87,78,71,67,64,77,57,37,29.86,29.79,29.73,10,10,9,13,6,24,0.00,1,,280
2010-6-25,89,79,68,65,61,58,73,55,36,30.00,29.95,29.87,10,10,8,13,4,16,0.00,1,,347
2010-6-26,92,79,65,65,62,57,93,63,32,29.94,29.87,29.79,10,8,5,16,4,21,T,1,Rain,276
2010-6-27,95,83,70,72,68,65,84,62,39,29.79,29.71,29.63,10,8,4,15,5,21,0.00,0,,261
2010-6-28,96,87,77,74,71,67,85,62,39,29.68,29.61,29.58,10,9,7,17,8,26,0.03,0,,260
2010-6-29,91,80,69,73,62,52,94,63,32,29.95,29.80,29.68,10,10,7,17,7,25,0.00,1,,311
2010-6-30,82,72,61,51,44,38,55,38,21,30.11,30.06,29.98,10,10,10,15,7,26,0.00,0,,358
2010-7-1,80,69,58,48,45,42,72,50,28,30.19,30.15,30.11,10,10,10,17,8,25,0.00,1,,353
2010-7-2,83,70,56,51,46,40,67,46,24,30.24,30.19,30.14,10,10,10,16,5,22,0.00,0,,353
2010-7-3,92,74,56,54,51,43,86,53,19,30.19,30.11,30.01,10,10,10,12,4,16,0.00,0,,315
2010-7-4,99,82,64,57,54,49,73,47,20,30.04,29.98,29.90,10,10,10,16,6,23,0.00,0,,287
2010-7-5,100,84,68,64,60,53,61,42,22,29.99,29.96,29.92,10,10,10,14,5,18,0.00,0,,323
2010-7-6,104,89,74,70,66,61,74,50,25,30.01,29.97,29.93,10,9,6,10,4,14,0.00,0,,303
2010-7-7,103,91,79,70,66,60,69,48,27,30.00,29.97,29.94,10,9,6,16,7,22,0.00,2,,50
2010-7-8,90,82,74,74,71,65,87,67,46,30.04,30.01,29.95,10,6,2,13,6,17,0.00,3,,172
2010-7-9,91,82,72,72,70,67,93,73,53,30.03,29.93,29.79,10,8,2,18,7,23,0.08,4,,164
2010-7-10,83,78,73,73,71,68,94,81,67,29.85,29.82,29.78,10,9,2,10,4,13,0.28,5,,345
2010-7-11,91,81,71,69,64,54,87,62,29,29.86,29.83,29.80,10,10,10,10,4,,0.00,1,,329
2010-7-12,93,79,64,69,64,58,90,61,32,29.96,29.89,29.84,10,9,2,20,5,25,0.18,3,,278
2010-7-13,88,80,71,76,73,68,94,78,61,29.92,29.87,29.81,10,6,1,18,5,24,2.59,6,Rain,154
2010-7-14,85,80,74,73,72,70,94,82,69,29.94,29.87,29.82,10,7,2,15,5,21,0.36,6,Rain,54
2010-7-15,91,82,72,72,69,68,93,72,50,30.03,30.00,29.94,10,10,8,14,6,17,0.00,4,,27
2010-7-16,96,85,74,75,71,65,94,69,43,30.03,29.93,29.83,10,7,2,18,6,23,0.00,4,,239
2010-7-17,93,84,74,69,65,61,82,60,38,29.93,29.88,29.84,10,10,8,13,6,18,0.00,0,,287
2010-7-18,94,85,76,70,67,63,82,59,36,29.88,29.85,29.83,10,9,6,15,6,21,0.00,1,,298
2010-7-19,93,84,74,73,70,66,85,67,49,29.86,29.82,29.76,10,9,3,22,6,29,0.06,2,Rain,260
2010-7-20,88,80,72,70,68,63,87,65,43,29.96,29.92,29.86,10,10,8,12,3,15,T,0,Rain,306
2010-7-21,93,83,73,72,70,68,93,71,49,29.95,29.90,29.82,10,9,3,23,7,32,0.15,1,Rain-Thunderstorm,283
2010-7-22,91,81,71,69,64,59,93,65,37,30.01,29.95,29.89,10,9,6,17,7,24,0.00,0,,324
2010-7-23,95,83,71,73,69,62,79,64,49,30.00,29.93,29.84,10,10,8,14,5,22,0.00,1,,236
2010-7-24,96,89,82,75,72,70,74,58,42,29.88,29.84,29.79,10,10,8,15,7,22,0.00,0,,288
2010-7-25,94,82,69,75,69,64,90,70,49,29.91,29.82,29.77,10,9,2,36,7,53,0.37,2,Rain,328
2010-7-26,87,76,64,63,58,55,84,60,35,30.04,30.00,29.92,10,10,10,15,6,22,0.00,0,,341
2010-7-27,89,77,65,62,59,51,84,57,29,30.10,30.06,30.02,10,10,10,12,4,16,0.00,0,,319
2010-7-28,90,80,70,72,68,63,84,66,47,30.05,29.98,29.88,10,9,8,15,6,22,0.00,4,,241
2010-7-29,91,82,72,75,68,56,87,64,40,29.88,29.84,29.78,10,9,5,16,7,22,0.05,2,Rain,333
2010-7-30,84,74,63,57,54,51,73,54,34,29.94,29.90,29.87,10,10,10,13,6,18,0.00,1,,4
2010-7-31,84,73,62,60,54,50,78,56,34,29.96,29.93,29.89,10,10,10,14,4,17,0.00,2,,54
2010-8-1,79,73,67,67,64,60,90,74,58,30.08,30.01,29.94,10,9,5,10,3,15,0.04,4,Rain,157
2010-8-2,85,75,64,65,62,56,93,68,42,30.14,30.11,30.08,10,8,2,15,5,20,T,3,Rain,210
2010-8-3,87,79,70,69,65,60,78,64,50,30.13,30.07,29.97,10,10,10,15,8,20,0.00,5,,227
2010-8-4,91,84,76,73,71,68,82,69,56,29.97,29.85,29.72,10,10,7,14,7,17,0.00,4,,229
2010-8-5,93,86,78,75,70,67,85,66,47,29.73,29.67,29.62,10,9,6,21,8,28,0.00,1,,279
2010-8-6,89,78,66,73,62,51,93,63,32,29.84,29.71,29.64,10,9,3,18,7,25,0.00,1,,315
2010-8-7,88,74,60,60,55,51,84,58,32,29.99,29.91,29.84,10,10,10,12,2,15,0.00,1,,332
2010-8-8,92,81,69,69,65,57,90,61,32,30.02,29.98,29.93,10,10,8,15,6,20,0.00,3,,211
2010-8-9,94,82,70,71,68,61,93,66,39,30.03,29.98,29.91,10,6,1,15,5,21,0.00,0,,247
2010-8-10,96,86,76,72,68,64,82,59,36,29.92,29.88,29.82,9,8,6,10,3,14,T,1,,24
2010-8-11,96,87,77,71,67,59,79,55,30,29.86,29.83,29.77,10,8,6,16,6,20,0.00,2,,39
2010-8-12,79,75,71,72,70,65,87,77,67,29.92,29.85,29.82,10,8,5,15,8,20,0.10,6,Rain,109
2010-8-13,84,76,67,66,60,54,84,62,40,30.09,30.01,29.92,10,10,10,16,8,21,T,5,,110
2010-8-14,84,75,65,59,56,53,78,58,37,30.14,30.09,30.05,10,10,10,16,7,23,0.00,4,,137
2010-8-15,79,72,64,67,63,58,84,73,62,30.08,30.03,29.96,10,10,5,16,7,21,0.03,7,Rain,173
2010-8-16,93,83,72,74,71,67,90,71,52,29.97,29.93,29.88,10,9,6,16,5,23,0.07,6,Rain-Thunderstorm,233
2010-8-17,92,81,70,70,62,51,93,60,26,30.03,29.98,29.93,10,9,5,13,4,18,T,1,,307
2010-8-18,82,76,69,66,62,59,79,67,54,30.07,30.01,29.95,10,10,10,9,3,14,T,2,,85
2010-8-19,91,78,64,65,61,55,93,63,32,29.95,29.90,29.82,10,8,2,13,4,20,0.00,0,,294
2010-8-20,93,81,69,62,56,46,73,48,23,29.98,29.90,29.85,10,10,8,16,7,28,0.00,0,,348
2010-8-21,89,76,63,71,59,50,87,62,36,30.04,29.99,29.94,10,10,7,15,6,17,0.00,1,,114
2010-8-22,83,75,66,75,72,63,94,84,74,29.99,29.86,29.75,10,6,2,18,7,26,0.22,6,Rain,186
2010-8-23,79,72,64,68,64,60,93,76,58,29.99,29.88,29.78,10,6,1,16,8,22,0.20,6,Rain,59
2010-8-24,71,67,63,63,60,57,87,77,66,30.01,29.97,29.91,10,9,3,17,8,24,0.14,8,Rain,37
2010-8-25,76,71,65,63,62,60,87,76,64,29.90,29.87,29.83,10,10,10,12,5,15,T,7,Rain,345
2010-8-26,84,73,62,63,58,52,93,64,34,30.05,29.95,29.89,10,10,9,16,7,22,0.00,1,,326
2010-8-27,81,69,56,54,51,49,86,60,33,30.14,30.10,30.05,10,10,10,16,6,21,0.00,0,,341
2010-8-28,86,71,56,57,53,50,86,59,31,30.22,30.17,30.13,10,10,10,14,4,18,0.00,0,,5
2010-8-29,97,78,59,59,56,50,90,56,21,30.22,30.17,30.11,10,10,10,12,3,21,0.00,0,,323
2010-8-30,95,81,67,62,57,51,81,54,26,30.23,30.17,30.12,10,10,7,16,6,24,0.00,0,,348
2010-8-31,98,84,70,63,59,53,68,46,24,30.17,30.10,30.03,10,10,9,14,5,18,0.00,0,,330
2010-9-1,97,83,69,66,61,59,73,51,29,30.07,30.01,29.94,10,9,6,13,4,17,0.00,0,,261
2010-9-2,97,84,71,69,65,61,79,57,35,30.00,29.95,29.90,10,9,5,17,6,22,0.00,0,,233
2010-9-3,88,80,71,68,65,61,79,65,50,29.88,29.68,29.52,10,10,7,17,6,22,T,0,,27
2010-9-4,81,72,63,64,50,43,66,47,28,29.87,29.68,29.53,10,10,8,22,11,32,0.00,1,,302
2010-9-5,78,66,54,48,43,40,72,49,26,30.09,29.96,29.86,10,10,10,16,6,23,0.00,0,,299
2010-9-6,83,67,50,59,49,44,83,56,28,30.22,30.16,30.10,10,10,10,15,5,23,0.00,0,,229
2010-9-7,92,77,61,66,60,57,90,61,32,30.18,30.08,29.94,10,10,10,22,8,29,0.00,0,,235
2010-9-8,92,79,65,65,54,38,69,43,16,29.91,29.78,29.67,10,10,10,21,13,31,T,0,Rain,288
2010-9-9,74,67,59,49,48,47,64,51,38,29.84,29.81,29.78,10,10,10,21,9,28,0.00,3,,329
2010-9-10,76,66,56,50,48,46,72,55,38,29.96,29.87,29.82,10,10,10,20,8,26,0.00,5,,341
2010-9-11,81,68,54,52,48,44,77,53,28,30.01,29.97,29.92,10,10,10,15,5,21,0.00,0,,315
2010-9-12,67,63,59,61,58,52,93,78,63,30.04,30.01,29.98,10,8,2,7,3,8,0.24,6,Rain,96
2010-9-13,80,69,58,59,56,51,90,63,36,30.03,29.95,29.83,10,8,6,17,4,24,0.00,4,,340
2010-9-14,80,68,56,58,50,43,93,61,28,29.97,29.90,29.87,10,8,3,18,6,25,0.00,1,,340
2010-9-15,77,66,54,48,43,40,77,52,27,30.15,30.07,29.99,10,10,10,18,7,25,0.00,0,,343
2010-9-16,84,70,55,67,58,44,87,69,51,30.16,29.95,29.78,10,8,1,24,7,33,0.25,3,Rain-Thunderstorm,166
2010-9-17,77,66,55,65,59,49,93,67,40,30.13,29.88,29.75,10,6,2,18,7,24,0.40,4,Rain,316
2010-9-18,76,65,53,57,52,47,83,65,46,30.23,30.16,30.11,10,10,10,10,4,14,0.00,2,,358
2010-9-19,84,69,54,61,56,52,93,64,34,30.17,30.08,29.98,10,9,2,12,4,15,0.00,1,,243
2010-9-20,77,67,56,59,44,35,73,48,22,30.11,29.99,29.94,10,10,10,20,10,25,0.00,0,,11
2010-9-21,77,63,48,55,46,41,84,60,36,30.23,30.14,30.08,10,10,10,14,6,20,0.00,0,,272
2010-9-22,90,74,60,66,62,56,90,71,43,30.09,30.04,29.92,10,8,1,32,6,45,0.49,2,Rain-Thunderstorm,264
2010-9-23,84,75,65,66,64,57,93,69,45,30.18,30.14,30.06,10,8,3,13,5,16,0.00,1,Rain-Thunderstorm,132
2010-9-24,89,78,67,72,67,64,100,74,47,30.18,30.05,29.86,9,5,0,13,5,20,0.00,5,Fog,217
2010-9-25,89,79,68,66,58,49,74,52,29,29.89,29.82,29.77,10,9,7,17,9,25,0.00,0,,280
2010-9-26,71,67,62,61,54,49,81,65,49,30.05,30.00,29.92,10,10,9,17,7,24,T,3,Rain,58
2010-9-27,76,70,63,72,67,60,93,90,87,30.05,29.94,29.82,10,7,2,16,9,21,0.46,8,Rain,121
2010-9-28,79,73,67,72,69,64,93,81,69,29.81,29.72,29.62,10,10,9,18,9,26,0.07,6,Rain,194
2010-9-29,77,68,58,63,57,54,93,71,49,29.98,29.91,29.79,10,10,9,8,4,9,0.00,3,,284
2010-9-30,79,74,68,73,70,63,97,88,79,29.92,29.74,29.60,10,7,2,30,14,43,1.14,8,Rain,160
2010-10-1,76,66,55,72,59,44,93,73,53,29.82,29.60,29.48,10,5,1,25,13,36,2.71,7,Rain,5
2010-10-2,68,58,48,46,44,42,86,63,39,30.01,29.95,29.85,10,10,10,12,5,16,0.00,0,,353
2010-10-3,64,57,49,47,45,41,77,65,52,30.13,30.06,30.01,10,10,10,18,10,23,0.03,4,Rain,62
2010-10-4,54,53,51,50,48,44,89,86,83,30.11,30.04,29.99,10,8,2,17,10,25,0.32,8,Rain,24
2010-10-5,55,54,53,54,52,50,93,90,86,30.00,29.98,29.95,10,5,2,13,7,18,0.17,8,Rain,334
2010-10-6,61,56,50,51,48,45,96,76,55,29.97,29.88,29.71,10,10,9,12,5,20,T,7,,242
2010-10-7,73,62,50,50,48,45,89,65,41,29.88,29.72,29.67,10,10,7,18,9,26,T,2,,287
2010-10-8,74,63,52,47,44,40,71,52,33,29.99,29.91,29.85,10,10,10,16,7,23,0.00,0,,297
2010-10-9,76,64,51,50,43,34,62,47,31,29.99,29.91,29.85,10,10,10,15,6,21,0.00,0,,342
2010-10-10,72,57,41,48,38,29,72,49,26,30.00,29.88,29.73,10,10,10,13,4,20,0.00,0,,288
2010-10-11,79,65,51,59,54,48,89,66,43,29.83,29.77,29.73,10,10,9,13,2,17,0.04,2,Rain-Thunderstorm,12
2010-10-12,71,63,54,61,55,42,93,72,51,29.92,29.79,29.72,10,7,0,14,6,17,0.47,5,Fog-Rain-Thunderstorm,327
2010-10-13,66,55,43,44,39,37,86,62,37,30.05,29.99,29.95,10,10,10,12,3,14,0.00,0,,25
2010-10-14,61,51,41,52,48,39,96,80,64,30.00,29.80,29.63,10,8,2,10,3,18,0.57,5,Rain,330
2010-10-15,60,54,47,48,40,34,86,62,37,29.64,29.57,29.50,10,10,10,25,13,43,0.00,4,,319
2010-10-16,62,52,42,40,36,34,76,55,34,29.96,29.80,29.62,10,10,10,26,10,36,0.00,3,,339
2010-10-17,71,55,39,43,40,34,85,61,37,29.97,29.88,29.79,10,10,10,17,5,24,0.00,0,,300
2010-10-18,63,55,46,42,38,35,71,55,39,30.00,29.93,29.91,10,10,10,13,5,18,0.02,3,,319
2010-10-19,60,54,47,47,46,43,93,74,55,29.95,29.92,29.88,10,8,4,8,2,12,0.42,6,Rain,289
2010-10-20,59,49,39,47,42,37,100,74,47,29.95,29.90,29.78,10,5,0,7,2,12,0.00,1,Fog,237
2010-10-21,63,54,44,50,41,29,93,62,31,29.81,29.70,29.60,10,6,0,20,8,28,T,3,Fog,270
2010-10-22,55,48,40,39,31,25,76,54,32,30.14,30.01,29.82,10,10,8,21,8,29,T,3,Rain,306
2010-10-23,67,52,37,42,36,31,82,57,32,30.19,30.14,30.08,10,10,10,15,5,21,0.00,1,,271
2010-10-24,73,60,47,53,48,42,86,68,49,30.14,30.07,30.00,10,10,10,7,1,15,0.00,0,,225
2010-10-25,76,62,48,62,57,45,89,74,58,29.99,29.89,29.78,10,10,6,24,8,31,0.00,3,,227
2010-10-26,71,66,60,66,62,57,90,82,73,29.92,29.85,29.81,10,10,7,15,7,20,0.00,7,,208
2010-10-27,75,69,62,71,67,61,93,88,82,29.90,29.86,29.81,10,8,2,20,8,26,0.44,7,Rain,236
2010-10-28,75,65,55,66,56,32,100,61,21,29.89,29.85,29.78,10,5,0,22,7,31,0.00,3,Fog,271
2010-10-29,57,49,41,38,33,26,62,49,35,30.09,29.99,29.90,10,10,10,21,8,32,T,3,,326
2010-10-30,57,47,37,38,33,30,76,57,38,30.13,29.99,29.78,10,10,10,17,8,22,0.00,0,,253
2010-10-31,60,51,42,40,33,25,76,55,33,30.14,29.88,29.73,10,10,10,21,9,28,0.00,1,,328
2010-11-1,51,42,33,28,26,25,75,57,38,30.42,30.30,30.16,10,10,10,15,6,20,0.00,0,,5
2010-11-2,52,43,33,28,26,25,75,55,35,30.47,30.40,30.33,10,10,7,10,3,20,0.00,0,,11
2010-11-3,56,43,29,39,32,25,85,64,43,30.32,30.14,29.95,10,10,8,16,4,21,0.00,1,,188
2010-11-4,50,48,46,47,45,39,93,85,76,29.92,29.59,29.42,10,6,2,18,8,24,1.10,8,Rain,47
2010-11-5,53,47,41,45,40,36,93,76,59,29.87,29.55,29.37,10,10,10,15,7,22,0.04,6,Rain,309
2010-11-6,51,42,33,35,32,30,92,71,50,30.25,30.08,29.89,10,10,10,15,6,20,0.00,3,,4
2010-11-7,51,43,34,29,26,22,70,50,30,30.31,30.19,29.99,10,10,10,18,10,24,0.00,0,,354
2010-11-8,50,45,39,37,31,26,70,56,42,29.94,29.74,29.63,10,10,7,23,13,39,0.07,3,Rain,349
2010-11-9,59,50,41,40,37,33,76,62,47,29.95,29.87,29.77,10,10,10,18,10,23,0.00,0,,3
2010-11-10,62,52,42,42,37,25,77,55,32,30.22,30.06,29.96,10,10,10,17,8,22,0.00,4,,19
2010-11-11,58,48,37,28,25,17,64,46,28,30.40,30.34,30.23,10,10,10,20,7,23,0.00,0,,28
2010-11-12,64,51,37,23,18,12,50,32,14,30.40,30.36,30.28,10,10,10,14,6,18,0.00,0,,29
2010-11-13,66,51,36,34,30,20,79,55,30,30.25,30.17,30.09,10,10,10,9,4,13,0.00,0,,16
2010-11-14,64,49,34,48,39,31,93,64,34,30.11,30.05,30.01,10,9,0,12,3,17,0.00,2,Fog,125
2010-11-15,61,56,50,52,48,46,96,79,62,30.04,30.01,29.97,10,5,0,7,2,9,T,5,Fog-Rain,117
2010-11-16,62,56,50,58,51,48,96,88,80,30.05,29.95,29.62,10,5,1,21,7,29,0.33,8,Rain,131
2010-11-17,64,58,51,61,45,32,86,63,40,29.96,29.66,29.50,10,9,2,36,14,54,0.18,5,Rain,265
2010-11-18,56,48,40,39,36,32,76,62,48,30.10,30.05,29.98,10,10,8,15,7,20,T,2,Rain,298
2010-11-19,49,41,33,35,28,23,82,59,36,30.26,30.21,30.11,10,10,10,17,5,25,0.00,0,,318
2010-11-20,55,45,34,37,34,27,82,66,50,30.32,30.17,30.11,10,9,7,20,7,29,0.00,0,,277
2010-11-21,51,43,34,35,30,25,79,63,46,30.49,30.43,30.34,10,10,10,12,5,15,0.00,2,,79
2010-11-22,63,53,43,50,44,36,89,75,60,30.43,30.27,30.09,10,8,4,18,4,22,0.00,4,,221
2010-11-23,62,52,42,51,45,25,93,62,30,30.06,29.95,29.81,10,4,0,16,5,24,T,1,Fog,264
2010-11-24,53,46,38,30,21,17,50,40,29,30.21,30.15,29.99,10,10,10,22,9,30,0.00,0,,340
2010-11-25,43,39,34,40,30,15,92,63,34,30.22,30.06,29.79,10,7,2,10,3,14,0.19,8,Rain-Snow,72
2010-11-26,52,45,37,49,39,19,93,67,41,29.75,29.64,29.57,10,6,2,22,7,29,0.06,5,Rain,311
2010-11-27,43,38,32,24,21,19,59,50,41,30.08,29.84,29.69,10,10,10,22,10,33,0.00,4,,295
2010-11-28,48,37,26,27,25,23,85,62,39,30.43,30.31,30.09,10,10,10,12,4,16,0.00,0,,325
2010-11-29,49,37,25,31,27,21,85,65,45,30.56,30.48,30.43,10,10,9,10,2,14,0.00,0,,148
2010-11-30,60,48,36,53,47,34,86,79,72,30.43,30.26,30.03,10,10,7,20,9,24,0.04,8,Rain,144
2010-12-1,64,50,36,61,50,24,93,74,54,30.02,29.74,29.51,10,6,1,29,16,41,1.56,7,Rain,223
2010-12-2,42,37,31,23,21,19,69,56,43,30.13,30.08,29.96,10,10,10,18,8,25,0.00,1,,315
2010-12-3,42,37,32,23,20,18,63,52,40,30.08,30.01,29.95,10,10,10,14,6,22,0.00,5,,335
2010-12-4,40,35,30,24,21,18,69,58,47,29.96,29.84,29.72,10,10,10,18,9,25,0.00,4,,324
2010-12-5,36,33,29,19,15,13,58,51,43,29.73,29.71,29.68,10,10,10,21,10,28,0.00,4,,331
2010-12-6,36,33,30,20,18,16,59,52,44,29.68,29.57,29.49,10,10,10,23,13,32,0.00,5,,300
2010-12-7,37,34,30,19,17,15,63,54,44,29.76,29.62,29.52,10,10,10,24,12,31,0.00,7,,307
2010-12-8,36,31,26,16,13,11,55,47,38,30.10,29.94,29.78,10,10,8,20,9,28,T,4,Snow,305
2010-12-9,34,26,18,14,10,6,68,50,32,30.38,30.25,30.11,10,10,9,22,6,31,0.00,1,,306
2010-12-10,36,26,16,23,16,9,80,61,41,30.41,30.33,30.25,10,10,9,12,3,15,0.00,5,,151
2010-12-11,45,34,22,36,25,19,81,61,41,30.27,30.20,30.04,10,9,5,10,3,15,T,2,Rain,52
2010-12-12,60,51,42,55,47,39,93,85,77,30.02,29.54,29.21,10,7,2,18,10,31,0.99,8,Rain,162
2010-12-13,45,33,21,40,24,3,89,67,45,29.35,29.22,29.15,10,10,8,22,11,31,0.02,8,Rain,324
2010-12-14,26,23,19,11,5,1,59,49,39,29.73,29.63,29.53,10,10,10,24,12,38,0.00,7,,329
2010-12-15,29,26,22,16,11,5,60,48,35,29.82,29.77,29.71,10,8,1,23,11,31,T,6,Snow,312
2010-12-16,29,25,21,19,13,10,75,61,46,29.88,29.82,29.77,10,10,8,15,6,18,0.00,2,,275
2010-12-17,36,28,20,18,16,12,77,62,47,30.09,29.97,29.79,10,9,6,16,6,25,0.00,1,,301
2010-12-18,36,29,22,19,17,14,71,59,47,30.16,30.09,30.04,10,9,7,10,4,13,0.00,0,,319
2010-12-19,37,29,21,20,18,15,77,63,48,30.03,29.96,29.90,10,9,6,10,6,14,0.00,3,,358
2010-12-20,39,32,24,20,17,13,63,55,47,29.93,29.90,29.88,10,10,10,22,10,31,0.00,3,,345
2010-12-21,41,35,29,20,17,14,63,51,38,29.90,29.87,29.85,10,10,10,22,11,30,0.00,0,,348
2010-12-22,41,35,28,22,20,16,75,60,44,29.89,29.83,29.76,10,10,10,21,9,33,0.00,3,,352
2010-12-23,38,35,31,18,17,15,58,51,44,29.98,29.88,29.83,10,10,10,25,15,36,0.00,2,,352
2010-12-24,41,34,27,19,17,16,59,48,37,30.09,30.04,29.99,10,10,10,18,10,29,0.00,1,,350
2010-12-25,33,29,24,20,18,16,69,63,56,30.04,29.99,29.93,10,10,9,6,1,8,0.00,5,,340
2010-12-26,31,27,23,23,19,15,84,71,58,29.91,29.62,29.28,10,4,0,26,13,41,1.20,6,Fog-Snow,25
2010-12-27,31,26,21,16,11,7,77,57,36,29.73,29.40,29.24,10,5,1,33,18,54,0.05,5,Snow,343
2010-12-28,38,32,26,18,14,9,58,49,40,29.92,29.86,29.74,10,10,10,21,11,30,0.00,1,Snow,302
2010-12-29,41,31,21,22,20,16,74,61,47,30.14,30.03,29.93,10,10,8,13,4,16,0.00,4,,340
2010-12-30,44,31,17,26,21,13,84,67,49,30.25,30.19,30.14,9,7,5,9,3,13,0.00,1,,297
2010-12-31,45,36,26,28,26,23,78,64,49,30.21,30.17,30.14,8,6,4,8,2,12,0.00,0,,254